/*--------------------------------*- C++ -*----------------------------------*\
  =========                 |
  \\      /  F ield         | OpenFOAM: The Open Source CFD Toolbox
   \\    /   O peration     | Website:  https://openfoam.org
    \\  /    A nd           | Version:  dev
     \\/     M anipulation  |
\*---------------------------------------------------------------------------*/
FoamFile
{
    format      ascii;
    class       faceSet;
    location    "constant/polyMesh/sets";
    object      layerFaces;
}
// * * * * * * * * * * * * * * * * * * * * * * * * * * * * * * * * * * * * * //


8846
(
2179072 
2162691 
2179076 
2179078 
2146310 
2162695 
2179081 
2129929 
2179084 
2179086 
2146318 
2129934 
2162706 
2179091 
2146325 
2179098 
2129947 
2179101 
2179102 
2146334 
2129951 
2162724 
2179110 
2129958 
2146344 
2129963 
2162732 
2146349 
2179120 
2179123 
2162739 
2179126 
2146358 
2129976 
2162749 
2146366 
2146368 
2146371 
2179140 
2162757 
2146376 
2162762 
2179147 
2146381 
2179150 
2179154 
2162770 
2130002 
2146390 
2179159 
2162777 
2146393 
2179162 
2179165 
2162782 
2146398 
2179168 
2146401 
2179170 
2146404 
2179173 
2179177 
2179178 
2179180 
2146412 
2179183 
2179184 
2130032 
2179185 
2179190 
2146422 
2179192 
2146425 
2179195 
2146428 
2179200 
2162817 
2146433 
2130049 
2179205 
2146437 
2130053 
2179206 
2162826 
2146444 
2162829 
2162834 
2146450 
2130066 
2179219 
2179224 
2130073 
2146459 
2179229 
2146461 
2162848 
2146464 
2179234 
2146468 
2179237 
2146473 
2162858 
2130093 
2179246 
2146478 
2162863 
2179249 
2162870 
2146487 
2179256 
2130105 
2179259 
2179264 
2146496 
2179267 
2146499 
2130115 
2162884 
2146504 
2130120 
2179273 
2162889 
2179274 
2146506 
2179277 
2162893 
2146509 
2162895 
2146513 
2179282 
2162898 
2130133 
2179286 
2179287 
2146520 
2130137 
2179290 
2179293 
2146527 
2146530 
2179300 
2179302 
2162918 
2179303 
2146539 
2179309 
2162925 
2179311 
2146543 
2162928 
2130160 
2179314 
2179315 
2146548 
2179317 
2162935 
2146551 
2130167 
2179320 
2146554 
2179323 
2179324 
2162940 
2179325 
2130174 
2162943 
2146559 
2179328 
2146561 
2179330 
2146563 
2179333 
2179334 
2146566 
2179335 
2130183 
2179336 
2179337 
2162953 
2146571 
2179340 
2179343 
2179344 
2162960 
2146576 
2179346 
2179347 
2146579 
2130195 
2179348 
2179349 
2179350 
2179351 
2162967 
2130201 
2179354 
2146587 
2179359 
2146593 
2179364 
2162980 
2179365 
2146597 
2179370 
2146604 
2179374 
2162994 
2130226 
2179381 
2146614 
2179384 
2146616 
2146619 
2179389 
2163005 
2130237 
2179390 
2179393 
2163010 
2146627 
2179396 
2130246 
2179400 
2146634 
2179403 
2163019 
2130251 
2179409 
2146642 
2163028 
2130260 
2179415 
2146648 
2163035 
2179420 
2179421 
2179422 
2179423 
2179424 
2179427 
2163043 
2163047 
2179432 
2146665 
2130281 
2179439 
2130287 
2179440 
2146673 
2179445 
2163062 
2146679 
2130297 
2179453 
2179456 
2163073 
2146689 
2130308 
2179461 
2179464 
2146696 
2130315 
2179469 
2179470 
2130319 
2179472 
2163088 
2146707 
2179476 
2163092 
2179477 
2146712 
2163099 
2163101 
2146717 
2179486 
2179487 
2130337 
2179490 
2179491 
2163108 
2130342 
2146728 
2179498 
2179499 
2163115 
2146733 
2130349 
2179503 
2130354 
2179510 
2163126 
2146742 
2179513 
2163129 
2130361 
2179514 
2179515 
2179517 
2146750 
2130366 
2179520 
2130369 
2179524 
2146756 
2179525 
2179526 
2130374 
2163143 
2179531 
2146765 
2130381 
2163150 
2179536 
2163153 
2130385 
2146770 
2146773 
2179543 
2179545 
2163161 
2146778 
2179547 
2179550 
2146783 
2179557 
2146790 
2130408 
2146793 
2179563 
2130411 
2146796 
2130414 
2146801 
2179571 
2146803 
2130419 
2146805 
2179574 
2130422 
2179575 
2146808 
2163194 
2146810 
2130427 
2130429 
2179582 
2146814 
2130432 
2179585 
2179586 
2179587 
2163204 
2130436 
2179589 
2146821 
2179592 
2146826 
2179595 
2130443 
2130445 
2179600 
2163216 
2179602 
2146836 
2179605 
2163221 
2179606 
2130455 
2146840 
2163225 
2179612 
2146846 
2130462 
2179615 
2179616 
2146849 
2179619 
2179624 
2179627 
2179628 
2146860 
2163245 
2130478 
2146863 
2179634 
2146869 
2179638 
2130486 
2163255 
2130489 
2179644 
2163260 
2130494 
2163263 
2179648 
2179649 
2146882 
2179652 
2163268 
2146886 
2130504 
2179657 
2146893 
2179662 
2179664 
2130512 
2130519 
2163288 
2163289 
2179675 
2179676 
2179677 
2179678 
2163294 
2146911 
2179680 
2130529 
2179683 
2163299 
2179684 
2179685 
2163302 
2179687 
2163304 
2179689 
2163307 
2179692 
2163310 
2146926 
2179695 
2179697 
2163315 
2146931 
2130547 
2179700 
2179701 
2179702 
2179703 
2179704 
2163320 
2179705 
2179706 
2179710 
2163326 
2146944 
2179713 
2179716 
2179717 
2179718 
2179719 
2146951 
2163336 
2179722 
2146956 
2179727 
2163343 
2163344 
2130576 
2146965 
2179734 
2130583 
2146969 
2179742 
2146976 
2179745 
2163361 
2179748 
2146981 
2163367 
2130599 
2179752 
2146984 
2179753 
2163372 
2146989 
2130606 
2146993 
2179762 
2163378 
2179766 
2147000 
2179769 
2179770 
2163386 
2179771 
2130619 
2179772 
2147004 
2163389 
2163391 
2179777 
2179779 
2163397 
2147013 
2179783 
2147016 
2130633 
2179789 
2147021 
2179790 
2163406 
2130640 
2163413 
2179798 
2147030 
2130647 
2179801 
2179802 
2163418 
2163421 
2179806 
2179810 
2179811 
2179812 
2179813 
2179814 
2147046 
2179815 
2163431 
2179818 
2130666 
2179820 
2163436 
2147052 
2163440 
2163441 
2147057 
2130676 
2179831 
2179832 
2163450 
2147066 
2130683 
2179837 
2147071 
2163456 
2179842 
2163458 
2179845 
2163461 
2147079 
2179848 
2179851 
2130699 
2179853 
2163471 
2179856 
2147088 
2179857 
2179858 
2147091 
2163477 
2130709 
2179862 
2179863 
2179864 
2147096 
2179865 
2179866 
2163482 
2179867 
2147099 
2179870 
2147104 
2179873 
2163491 
2130725 
2179878 
2163495 
2179880 
2179882 
2147114 
2130730 
2179885 
2163502 
2179887 
2179890 
2179891 
2130739 
2179892 
2179893 
2179894 
2147126 
2130744 
2179897 
2163514 
2179901 
2163517 
2179902 
2179903 
2130753 
2163522 
2147138 
2130756 
2163525 
2163526 
2179912 
2163529 
2130761 
2179916 
2179917 
2147150 
2179920 
2130768 
2179923 
2163539 
2130774 
2147159 
2163545 
2163546 
2147164 
2163549 
2163553 
2130785 
2179939 
2163556 
2147173 
2130789 
2147174 
2163561 
2163564 
2130796 
2130798 
2163567 
2147183 
2179952 
2130801 
2147186 
2130804 
2179957 
2147191 
2179962 
2147195 
2163580 
2163585 
2147202 
2179972 
2147207 
2130824 
2179977 
2179982 
2179983 
2179984 
2130833 
2130836 
2179989 
2179993 
2130841 
2179994 
2179995 
2147227 
2163612 
2130848 
2163617 
2180003 
2130853 
2180006 
2147238 
2163624 
2180011 
2147243 
2130859 
2180014 
2130862 
2180017 
2147251 
2130867 
2163636 
2147255 
2180025 
2163641 
2180026 
2180027 
2180028 
2180029 
2180030 
2163646 
2147263 
2180033 
2163649 
2180034 
2147266 
2180035 
2130886 
2147271 
2180040 
2163658 
2147276 
2180045 
2180046 
2147284 
2130901 
2180054 
2163670 
2180055 
2180056 
2180057 
2180063 
2180064 
2180067 
2163685 
2180070 
2147303 
2180073 
2180074 
2163694 
2147313 
2180085 
2130934 
2147319 
2180088 
2163705 
2180090 
2180091 
2130939 
2147329 
2180099 
2130948 
2180101 
2130952 
2147337 
2180108 
2163724 
2147341 
2180111 
2130959 
2147344 
2180116 
2147349 
2180118 
2180121 
2163737 
2130970 
2180124 
2147356 
2130976 
2180129 
2147364 
2180133 
2180134 
2163750 
2130983 
2180137 
2163754 
2147372 
2130990 
2180143 
2180144 
2163761 
2147377 
2147380 
2180149 
2163765 
2180150 
2180153 
2131001 
2180156 
2163772 
2147388 
2163775 
2180161 
2147393 
2163780 
2180165 
2180166 
2163782 
2180167 
2180168 
2180170 
2163786 
2147402 
2131019 
2180173 
2180174 
2147406 
2147413 
2131029 
2180183 
2163799 
2180186 
2147418 
2180188 
2163805 
2180191 
2131039 
2180192 
2180193 
2180196 
2131046 
2180199 
2180204 
2163820 
2180205 
2180206 
2180207 
2147439 
2163825 
2180210 
2147444 
2180214 
2163830 
2163833 
2180219 
2180221 
2131069 
2163838 
2147454 
2180225 
2163846 
2180231 
2180233 
2180236 
2180239 
2163857 
2147473 
2131092 
2180246 
2163865 
2147482 
2180251 
2180252 
2180253 
2180254 
2180255 
2163871 
2147487 
2180256 
2180257 
2163874 
2180260 
2180261 
2180262 
2180263 
2147496 
2180266 
2180269 
2147502 
2180272 
2131122 
2180275 
2180276 
2180277 
2147511 
2131127 
2180280 
2147514 
2163899 
2180285 
2180288 
2147520 
2131141 
2163911 
2131148 
2180301 
2147533 
2163920 
2180305 
2180306 
2180309 
2163925 
2147541 
2180310 
2180311 
2131159 
2180314 
2180315 
2163931 
2180318 
2180321 
2180322 
2180325 
2147560 
2180330 
2180331 
2163947 
2131179 
2180339 
2147571 
2131189 
2180343 
2147577 
2180346 
2131197 
2180353 
2163970 
2131204 
2147589 
2131208 
2180362 
2180365 
2147597 
2180366 
2180368 
2163986 
2180371 
2147605 
2180375 
2147608 
2180378 
2131230 
2180383 
2163999 
2147619 
2180389 
2164005 
2180390 
2180392 
2164010 
2147626 
2180395 
2164013 
2131245 
2180398 
2147632 
2164018 
2180406 
2164023 
2180408 
2180412 
2180413 
2131261 
2164030 
2180417 
2147649 
2131266 
2180419 
2164036 
2180422 
2147654 
2180426 
2180427 
2180430 
2164047 
2180432 
2147666 
2131288 
2180441 
2180444 
2180447 
2180448 
2180452 
2164068 
2131301 
2180455 
2131307 
2180460 
2180462 
2164078 
2147694 
2180465 
2147697 
2180468 
2147700 
2131317 
2164088 
2180473 
2147705 
2180476 
2164093 
2147709 
2131326 
2164096 
2180481 
2131329 
2147716 
2131332 
2180486 
2147719 
2164105 
2180492 
2147724 
2180493 
2180494 
2147727 
2131343 
2164112 
2180499 
2147732 
2164117 
2180502 
2180506 
2164122 
2131354 
2180509 
2164125 
2147741 
2180513 
2180514 
2180515 
2147747 
2164132 
2147750 
2180519 
2164136 
2147755 
2164141 
2180526 
2180527 
2147761 
2180530 
2131379 
2164148 
2147766 
2180535 
2180538 
2147771 
2180541 
2180542 
2180545 
2131393 
2147780 
2164165 
2180550 
2147784 
2164170 
2180557 
2180558 
2147791 
2164180 
2147796 
2131413 
2180570 
2180573 
2180576 
2131424 
2164193 
2147810 
2180579 
2147816 
2180585 
2131433 
2164202 
2147818 
2147821 
2131438 
2147823 
2180592 
2164208 
2180593 
2180594 
2147826 
2180595 
2180598 
2131447 
2180601 
2164217 
2180602 
2131452 
2180605 
2180607 
2164224 
2147841 
2131457 
2180610 
2180611 
2164227 
2147843 
2180614 
2147846 
2180615 
2180616 
2164232 
2180617 
2164235 
2180620 
2164240 
2147859 
2164248 
2147864 
2180633 
2164251 
2180636 
2131484 
2147871 
2180641 
2147876 
2131492 
2180647 
2147883 
2180652 
2131500 
2180653 
2147887 
2180660 
2147894 
2131510 
2147896 
2180665 
2164282 
2147899 
2180669 
2164287 
2180672 
2147906 
2131523 
2180677 
2147909 
2180678 
2180679 
2180680 
2147914 
2180683 
2180689 
2131537 
2180690 
2164307 
2180694 
2147931 
2180703 
2180704 
2164320 
2147936 
2180705 
2180706 
2147939 
2180709 
2180710 
2164327 
2180712 
2131561 
2180715 
2180717 
2164334 
2131566 
2180720 
2180721 
2164339 
2147959 
2131575 
2180728 
2164344 
2131582 
2180735 
2164351 
2131585 
2180738 
2180741 
2164359 
2180749 
2147983 
2131599 
2180753 
2164371 
2180758 
2147990 
2180759 
2164375 
2147996 
2131612 
2164384 
2180771 
2131623 
2164392 
2180779 
2180782 
2148014 
2180787 
2164403 
2148019 
2180790 
2164408 
2131640 
2180795 
2180796 
2148028 
2180797 
2164413 
2180798 
2148030 
2164416 
2148033 
2180804 
2148040 
2131656 
2164425 
2180810 
2148042 
2148045 
2131661 
2180814 
2164431 
2148048 
2131664 
2180817 
2180820 
2148053 
2148057 
2131674 
2180829 
2180830 
2164446 
2180831 
2164448 
2148064 
2180834 
2148066 
2164451 
2180837 
2148069 
2180838 
2164454 
2131686 
2180841 
2164459 
2180844 
2180846 
2180847 
2180848 
2164464 
2148080 
2164469 
2180854 
2148086 
2131703 
2164472 
2180857 
2180860 
2180861 
2148094 
2131710 
2180864 
2180867 
2148101 
2180871 
2164488 
2180876 
2180877 
2180878 
2180879 
2180880 
2148114 
2180883 
2131731 
2180886 
2180887 
2164504 
2148120 
2131738 
2180892 
2164510 
2148127 
2180897 
2180900 
2131748 
2180901 
2180906 
2164524 
2148141 
2180911 
2180912 
2164533 
2180919 
2131767 
2164539 
2180926 
2131777 
2148164 
2180934 
2164550 
2180935 
2148168 
2148171 
2164556 
2180943 
2131791 
2180946 
2180951 
2131799 
2180952 
2148184 
2180953 
2180954 
2180956 
2180958 
2148190 
2180961 
2180962 
2164581 
2131813 
2148198 
2148201 
2180971 
2131821 
2180974 
2164590 
2148206 
2180979 
2164595 
2148211 
2180981 
2180984 
2164600 
2131832 
2180986 
2164605 
2180991 
2180992 
2164608 
2148224 
2131841 
2180994 
2180998 
2131848 
2181003 
2164619 
2148236 
2131852 
2181005 
2181008 
2148241 
2131859 
2181012 
2164628 
2181013 
2181014 
2181017 
2164635 
2181021 
2148253 
2181022 
2181023 
2181024 
2181025 
2148258 
2181029 
2148261 
2164649 
2131884 
2181037 
2148269 
2181038 
2181043 
2148275 
2181048 
2131897 
2164668 
2181054 
2148288 
2164676 
2181062 
2181063 
2164679 
2131911 
2181066 
2131916 
2164685 
2181071 
2148305 
2181076 
2164692 
2181077 
2131927 
2181081 
2148314 
2164700 
2131936 
2181091 
2148323 
2181096 
2181099 
2148333 
2164720 
2148336 
2131954 
2181108 
2148341 
2164726 
2181111 
2148344 
2131963 
2181117 
2164736 
2131969 
2181123 
2181124 
2148356 
2181125 
2164742 
2148361 
2131978 
2181132 
2164748 
2181134 
2181140 
2181143 
2131994 
2181148 
2181149 
2148381 
2181153 
2164769 
2132001 
2148386 
2164776 
2181163 
2148395 
2132013 
2181166 
2181169 
2132018 
2148405 
2181174 
2164790 
2132023 
2181177 
2164795 
2181182 
2181183 
2148415 
2181184 
2181185 
2164801 
2181190 
2132038 
2164807 
2148426 
2181195 
2132043 
2181196 
2164812 
2181197 
2181198 
2148430 
2181199 
2164817 
2132050 
2181204 
2181205 
2148437 
2181207 
2164824 
2148440 
2181209 
2181212 
2148445 
2164830 
2181215 
2148447 
2181218 
2148450 
2181223 
2181224 
2181225 
2164841 
2148457 
2181226 
2132074 
2148461 
2181230 
2132078 
2181232 
2148468 
2132085 
2148470 
2164855 
2148473 
2132092 
2148478 
2164863 
2181248 
2164866 
2181253 
2132101 
2148486 
2164871 
2148488 
2181258 
2148491 
2148494 
2181267 
2164883 
2181268 
2148502 
2181271 
2181272 
2148504 
2181273 
2148507 
2181276 
2132126 
2181279 
2164896 
2148512 
2181282 
2148515 
2132134 
2181287 
2148523 
2132139 
2181292 
2181295 
2148527 
2181298 
2164914 
2148530 
2181301 
2181302 
2148535 
2132151 
2164920 
2181305 
2181308 
2164925 
2181310 
2148542 
2181313 
2164931 
2132166 
2181320 
2164936 
2181324 
2164941 
2148558 
2132175 
2181328 
2181329 
2181330 
2181331 
2181332 
2181333 
2181334 
2164950 
2148566 
2181335 
2181336 
2132184 
2181337 
2148569 
2181338 
2181339 
2181341 
2164959 
2132194 
2164964 
2148580 
2181349 
2181350 
2181353 
2148585 
2181354 
2148586 
2181356 
2148589 
2132205 
2164978 
2148594 
2181363 
2181364 
2132212 
2181365 
2181366 
2164985 
2148601 
2132217 
2181372 
2181375 
2164991 
2181378 
2181379 
2148612 
2132229 
2181382 
2181384 
2181385 
2181386 
2132234 
2181387 
2181388 
2181389 
2181390 
2181391 
2165008 
2181393 
2148626 
2181396 
2181401 
2181404 
2165020 
2181407 
2132258 
2165027 
2181412 
2132261 
2181414 
2148647 
2165032 
2181417 
2132266 
2181419 
2148652 
2181422 
2181423 
2165039 
2181424 
2181425 
2181426 
2132274 
2181427 
2181428 
2165044 
2148661 
2132278 
2181432 
2148668 
2165053 
2132285 
2181439 
2181442 
2148675 
2132291 
2165061 
2132294 
2181451 
2132299 
2165068 
2148684 
2181454 
2181458 
2165074 
2132309 
2181462 
2181463 
2165079 
2181464 
2181469 
2148702 
2132323 
2181476 
2181477 
2132326 
2165096 
2148712 
2181483 
2165099 
2132331 
2181485 
2181488 
2165104 
2181490 
2132338 
2148724 
2181493 
2165110 
2181495 
2132343 
2165113 
2148729 
2181498 
2148732 
2181503 
2165119 
2181504 
2132353 
2181506 
2181508 
2165124 
2132356 
2148742 
2181511 
2132361 
2165132 
2181517 
2181519 
2148754 
2132372 
2181525 
2165143 
2181529 
2181532 
2148764 
2181535 
2132386 
2181539 
2148771 
2165157 
2181542 
2132391 
2165160 
2181547 
2148779 
2165165 
2181550 
2181552 
2148784 
2181555 
2165171 
2132404 
2165175 
2132408 
2181561 
2148793 
2181563 
2181566 
2148798 
2181568 
2148801 
2132417 
2181571 
2181574 
2165192 
2181579 
2165197 
2148814 
2181584 
2181585 
2148817 
2181586 
2181587 
2165204 
2148820 
2181590 
2165207 
2148825 
2181594 
2165212 
2132444 
2148829 
2148830 
2181599 
2165215 
2148831 
2181602 
2132451 
2165220 
2148836 
2181605 
2181607 
2165225 
2181610 
2181613 
2148845 
2132461 
2181618 
2148850 
2181619 
2181620 
2132469 
2165238 
2181625 
2165241 
2148859 
2165244 
2181630 
2148862 
2165249 
2181635 
2148867 
2165253 
2181638 
2181639 
2148872 
2181641 
2132490 
2181643 
2165260 
2181646 
2181647 
2165263 
2181648 
2181649 
2148881 
2165268 
2132501 
2148886 
2181655 
2165271 
2181657 
2148889 
2181659 
2165276 
2148892 
2181662 
2132511 
2181664 
2181666 
2148898 
2181669 
2148902 
2181671 
2165289 
2132521 
2181674 
2181677 
2132525 
2165294 
2148910 
2181682 
2181683 
2181684 
2181685 
2181686 
2132534 
2181687 
2148919 
2181688 
2181689 
2165306 
2181692 
2181693 
2181695 
2165312 
2181698 
2148930 
2181700 
2165318 
2132550 
2181703 
2181704 
2132554 
2148939 
2165325 
2132561 
2181715 
2132565 
2148950 
2148953 
2181722 
2165338 
2148956 
2181728 
2132576 
2165346 
2181731 
2148963 
2181732 
2165348 
2181735 
2165351 
2132585 
2165354 
2181740 
2148972 
2165359 
2165360 
2132593 
2181746 
2181747 
2181748 
2165365 
2148981 
2181750 
2132598 
2148986 
2181755 
2165371 
2181757 
2148989 
2148990 
2165376 
2181762 
2148997 
2181767 
2165383 
2132616 
2181770 
2149004 
2181773 
2149006 
2132623 
2165393 
2149009 
2181783 
2165400 
2149016 
2181787 
2165403 
2132636 
2149023 
2181794 
2181800 
2165418 
2181803 
2181805 
2149037 
2165423 
2181808 
2181809 
2181810 
2165426 
2181813 
2165432 
2149048 
2132664 
2181818 
2149052 
2181825 
2181826 
2181827 
2149059 
2181828 
2181829 
2165445 
2149061 
2132677 
2181832 
2149064 
2181835 
2132683 
2165454 
2132686 
2149071 
2181840 
2149075 
2132691 
2181844 
2165461 
2132694 
2181849 
2181850 
2132698 
2181851 
2165467 
2181852 
2149084 
2132702 
2181855 
2181858 
2132709 
2149094 
2181863 
2181864 
2165481 
2149097 
2149100 
2165486 
2181871 
2149103 
2165491 
2132723 
2149108 
2181877 
2181878 
2181879 
2149111 
2181880 
2132728 
2181881 
2181882 
2149114 
2181883 
2181885 
2165503 
2149119 
2149121 
2181891 
2149124 
2181894 
2165510 
2181897 
2165514 
2149132 
2132748 
2181901 
2149136 
2165521 
2181906 
2181908 
2165524 
2149141 
2181910 
2149144 
2181913 
2165530 
2149147 
2181917 
2165533 
2181920 
2149152 
2165539 
2181925 
2181927 
2149159 
2149161 
2181930 
2149163 
2181932 
2165548 
2132780 
2149166 
2181935 
2149168 
2181937 
2165553 
2149170 
2181940 
2181941 
2132789 
2181942 
2165560 
2149177 
2181946 
2165563 
2165566 
2132799 
2181953 
2181956 
2181957 
2181959 
2132808 
2165579 
2149197 
2181966 
2132814 
2181967 
2181968 
2165584 
2181969 
2149203 
2132819 
2181973 
2181974 
2181975 
2165593 
2181978 
2149211 
2165596 
2132830 
2165601 
2132834 
2181987 
2165603 
2149219 
2165606 
2181991 
2149223 
2165608 
2132841 
2181995 
2132846 
2182002 
2182004 
2165620 
2182007 
2182011 
2182014 
2165632 
2132866 
2182019 
2182020 
2182021 
2149253 
2165638 
2132870 
2149259 
2182028 
2165644 
2132877 
2149262 
2182031 
2165649 
2182034 
2132882 
2182035 
2149267 
2182036 
2182037 
2132885 
2182038 
2182040 
2149273 
2165658 
2182044 
2165661 
2149277 
2182049 
2165666 
2182052 
2149284 
2182053 
2165669 
2149286 
2165675 
2182060 
2149292 
2182062 
2149296 
2165681 
2182067 
2149303 
2182076 
2132928 
2182082 
2149314 
2182084 
2182087 
2165703 
2182089 
2165706 
2182092 
2149324 
2182093 
2182094 
2165711 
2182099 
2182100 
2149332 
2165717 
2132951 
2182104 
2182106 
2165724 
2182109 
2182110 
2182115 
2182117 
2165733 
2149349 
2132965 
2182120 
2182121 
2182122 
2182123 
2182124 
2182126 
2132974 
2182129 
2182130 
2149363 
2182132 
2165748 
2165750 
2182135 
2165752 
2132984 
2165755 
2182140 
2165758 
2182143 
2132991 
2149376 
2182149 
2133000 
2165769 
2149385 
2182155 
2133005 
2149393 
2133009 
2182162 
2165778 
2149396 
2182167 
2149399 
2133016 
2165787 
2133019 
2149404 
2182173 
2149407 
2182179 
2149412 
2182181 
2149414 
2182184 
2149417 
2133034 
2182187 
2149419 
2182191 
2149423 
2165809 
2149426 
2133043 
2182197 
2165814 
2149431 
2165817 
2182206 
2165822 
2182207 
2165823 
2149442 
2133058 
2182212 
2165828 
2182213 
2182216 
2149449 
2165838 
2165841 
2149457 
2182227 
2165844 
2149460 
2165845 
2182230 
2133079 
2182233 
2165851 
2182236 
2149468 
2182237 
2133086 
2182240 
2182241 
2165858 
2133091 
2149482 
2182251 
2133103 
2182256 
2182257 
2149490 
2165875 
2182264 
2182265 
2149499 
2133115 
2182268 
2165884 
2182269 
2149503 
2182274 
2149507 
2133125 
2182281 
2182282 
2149514 
2133130 
2165900 
2182285 
2182288 
2149520 
2165908 
2182295 
2149528 
2149530 
2165916 
2149533 
2182303 
2182304 
2182305 
2149537 
2133155 
2182308 
2182311 
2149544 
2182315 
2149548 
2133164 
2165934 
2182320 
2165937 
2149557 
2165942 
2133174 
2182327 
2182332 
2165948 
2149569 
2182339 
2149573 
2133189 
2182343 
2182348 
2165966 
2133198 
2149588 
2182357 
2182360 
2165978 
2182363 
2133212 
2165981 
2149597 
2182366 
2182371 
2133219 
2149604 
2182374 
2165991 
2149609 
2182380 
2165996 
2133229 
2182387 
2182391 
2182392 
2166008 
2182393 
2149626 
2133243 
2182397 
2182399 
2133248 
2182402 
2149635 
2166021 
2133257 
2166026 
2182412 
2166029 
2149646 
2133262 
2182417 
2166034 
2182421 
2149653 
2166039 
2166042 
2149658 
2133274 
2182428 
2166047 
2149663 
2182432 
2182434 
2133282 
2149668 
2182438 
2166055 
2149671 
2133287 
2149674 
2182443 
2133292 
2182447 
2149681 
2133297 
2182452 
2182453 
2182454 
2182455 
2182456 
2182457 
2149689 
2133306 
2182462 
2182465 
2149698 
2133314 
2166084 
2182469 
2182471 
2133319 
2166089 
2166092 
2149708 
2182477 
2166095 
2182480 
2133328 
2182483 
2133333 
2166103 
2149720 
2133337 
2182492 
2166112 
2149728 
2133344 
2182499 
2149733 
2133350 
2182505 
2182507 
2166123 
2149740 
2182510 
2166126 
2133359 
2149745 
2133362 
2182515 
2182516 
2166132 
2133367 
2149752 
2182524 
2149756 
2166142 
2133374 
2182527 
2166145 
2133377 
2182531 
2149763 
2133382 
2149768 
2182539 
2133387 
2166157 
2133390 
2182544 
2149777 
2182549 
2133397 
2149782 
2166169 
2182555 
2182557 
2166173 
2149791 
2133407 
2166176 
2182562 
2166181 
2149798 
2182568 
2149801 
2133417 
2182573 
2166190 
2166194 
2149811 
2182580 
2182583 
2133432 
2149818 
2182588 
2182589 
2166205 
2182590 
2182592 
2166210 
2149827 
2182597 
2182601 
2182602 
2182604 
2149836 
2182605 
2166221 
2182608 
2149841 
2133459 
2182612 
2149846 
2166233 
2182619 
2133467 
2182621 
2166239 
2149855 
2182624 
2149858 
2182627 
2182628 
2182629 
2149861 
2182631 
2133479 
2182632 
2166248 
2182634 
2149868 
2182637 
2182638 
2182639 
2149871 
2182640 
2133489 
2166260 
2182645 
2149878 
2166266 
2133501 
2182655 
2166272 
2149891 
2133508 
2182663 
2166279 
2182666 
2166283 
2182671 
2166288 
2133524 
2182678 
2166297 
2149916 
2182685 
2149917 
2182691 
2166307 
2149923 
2133540 
2182694 
2166310 
2182699 
2133547 
2182700 
2182701 
2166319 
2182704 
2149937 
2182707 
2182708 
2166326 
2182711 
2166330 
2149946 
2182717 
2166333 
2149954 
2182724 
2149960 
2182729 
2166350 
2182736 
2182737 
2149969 
2149974 
2182746 
2166362 
2182747 
2149979 
2182748 
2182750 
2182753 
2166369 
2133601 
2182754 
2182755 
2149988 
2182759 
2149991 
2182760 
2182761 
2133610 
2182763 
2182764 
2166380 
2149996 
2133613 
2166383 
2149999 
2150002 
2182773 
2133622 
2150007 
2150010 
2166395 
2182780 
2166398 
2133630 
2182783 
2182786 
2182787 
2150021 
2166408 
2182794 
2150027 
2166413 
2182800 
2150034 
2133650 
2166422 
2150039 
2133660 
2182814 
2150046 
2166431 
2166436 
2182821 
2166441 
2182828 
2182831 
2182832 
2182833 
2150065 
2182834 
2150068 
2182837 
2182839 
2166455 
2150071 
2182842 
2150076 
2133694 
2166464 
2182850 
2150085 
2166470 
2182856 
2182857 
2150091 
2182860 
2182861 
2133710 
2166479 
2150096 
2166482 
2166485 
2133719 
2182872 
2150105 
2166490 
2150110 
2133728 
2166498 
2166500 
2182887 
2166503 
2150120 
2133737 
2150124 
2182895 
2133744 
2150131 
2182900 
2133748 
2166517 
2150135 
2133755 
2166524 
2182909 
2133757 
2150142 
2182912 
2166531 
2150147 
2150151 
2133767 
2182921 
2150154 
2133772 
2166541 
2182926 
2150161 
2182932 
2150164 
2133781 
2166550 
2182935 
2166551 
2150169 
2133786 
2166556 
2182941 
2166558 
2150174 
2182943 
2150177 
2182946 
2166563 
2133795 
2182949 
2166568 
2150184 
2133800 
2182954 
2150188 
2150189 
2133805 
2182958 
2150190 
2166575 
2166578 
2182963 
2150196 
2133812 
2182965 
2166581 
2150199 
2182968 
2166584 
2182969 
2166586 
2150202 
2182972 
2133821 
2182975 
2150207 
2182980 
2150214 
2133830 
2182983 
2150217 
2182986 
2133834 
2182987 
2166603 
2182990 
2150222 
2182991 
2150224 
2133841 
2182994 
2166613 
2182999 
2183001 
2166618 
2133850 
2150235 
2183004 
2183005 
2150237 
2133853 
2183007 
2166624 
2150240 
2133858 
2183011 
2183012 
2183013 
2166631 
2183016 
2150248 
2133865 
2183019 
2166637 
2150254 
2133871 
2183024 
2183025 
2183026 
2183027 
2166643 
2183030 
2166647 
2150263 
2133879 
2183032 
2183033 
2166649 
2150266 
2166652 
2133884 
2150269 
2183039 
2166657 
2183042 
2166658 
2133891 
2166661 
2150277 
2166664 
2183049 
2183050 
2183051 
2150283 
2183053 
2166670 
2133903 
2183056 
2133907 
2150292 
2166677 
2150295 
2150298 
2166684 
2183069 
2133917 
2183070 
2183071 
2183072 
2166689 
2150305 
2183075 
2183076 
2183080 
2150312 
2183081 
2150315 
2133931 
2166700 
2183086 
2183087 
2166705 
2150324 
2183094 
2133942 
2183096 
2183099 
2183102 
2166719 
2133952 
2183107 
2166727 
2150343 
2133959 
2183114 
2183116 
2166732 
2166734 
2150350 
2133966 
2183119 
2183121 
2183124 
2183125 
2183126 
2183127 
2150360 
2166745 
2183130 
2133978 
2183133 
2183134 
2183135 
2166751 
2150367 
2183136 
2183137 
2133985 
2166756 
2150373 
2133989 
2183142 
2150376 
2183147 
2166763 
2150379 
2133996 
2183151 
2183154 
2150387 
2166772 
2183158 
2166775 
2134008 
2183161 
2183163 
2183165 
2183168 
2166784 
2183170 
2134018 
2150403 
2183173 
2183174 
2183175 
2183176 
2150408 
2166793 
2183179 
2183180 
2183183 
2150417 
2183187 
2166804 
2183189 
2183192 
2183193 
2134041 
2183194 
2166810 
2150426 
2183195 
2183196 
2183197 
2183198 
2166814 
2166815 
2183200 
2166816 
2150434 
2183203 
2183204 
2183205 
2166823 
2150440 
2183210 
2183213 
2166829 
2134062 
2183216 
2183218 
2183221 
2166837 
2183222 
2150454 
2166839 
2150456 
2134072 
2183226 
2166842 
2150459 
2183230 
2166847 
2183232 
2134082 
2183235 
2150467 
2166852 
2166853 
2150471 
2134087 
2183240 
2183241 
2166858 
2183246 
2150479 
2134096 
2150482 
2166870 
2150487 
2166873 
2134107 
2150493 
2183262 
2166878 
2183263 
2183266 
2183268 
2166884 
2183270 
2183273 
2166889 
2150505 
2183274 
2183275 
2183276 
2166892 
2183277 
2134125 
2183278 
2183279 
2183280 
2150512 
2183281 
2166897 
2183282 
2183283 
2183284 
2150516 
2166902 
2183289 
2134138 
2166907 
2150523 
2183292 
2183293 
2150528 
2183297 
2150529 
2166914 
2150532 
2134148 
2183302 
2166920 
2150537 
2183306 
2134155 
2166925 
2183311 
2183312 
2166928 
2150544 
2134160 
2183313 
2183314 
2183315 
2166931 
2150547 
2183316 
2134165 
2183318 
2150550 
2166936 
2183321 
2183323 
2150555 
2134171 
2183325 
2134174 
2150559 
2183328 
2166944 
2183330 
2166947 
2150567 
2134184 
2183342 
2150575 
2134194 
2183347 
2166963 
2183348 
2166966 
2183352 
2150586 
2150588 
2134204 
2183358 
2166974 
2150591 
2183360 
2183363 
2166979 
2150597 
2183367 
2166984 
2150601 
2183371 
2183372 
2134220 
2183373 
2166990 
2183376 
2150608 
2183379 
2166995 
2134227 
2150613 
2183382 
2183383 
2166999 
2183384 
2183385 
2183386 
2183387 
2183388 
2167004 
2183389 
2150622 
2183391 
2167009 
2150625 
2183394 
2183397 
2150630 
2183402 
2167018 
2150635 
2183405 
2167021 
2183407 
2134255 
2183410 
2150644 
2183413 
2167029 
2183414 
2134262 
2183416 
2150648 
2183417 
2183418 
2183419 
2167036 
2167037 
2150655 
2134271 
2183425 
2134276 
2167047 
2150663 
2183432 
2167052 
2167055 
2150672 
2134288 
2183442 
2183443 
2183446 
2167062 
2150679 
2134295 
2183452 
2150684 
2167069 
2183455 
2183456 
2134305 
2150691 
2183460 
2134308 
2183461 
2183462 
2167078 
2183467 
2183468 
2167084 
2183469 
2183470 
2134319 
2183476 
2167093 
2150709 
2183478 
2167097 
2183483 
2150716 
2134332 
2150717 
2183488 
2167104 
2183489 
2183493 
2167109 
2183494 
2183496 
2150728 
2183499 
2167118 
2183504 
2167121 
2150738 
2134356 
2183509 
2183510 
2183511 
2167127 
2183516 
2167132 
2134364 
2150751 
2183520 
2134369 
2150755 
2167140 
2134376 
2183530 
2150762 
2167147 
2134382 
2150767 
2183538 
2167155 
2183542 
2150774 
2183543 
2183545 
2150777 
2167164 
2134396 
2150783 
2183554 
2167170 
2150786 
2183555 
2183559 
2150791 
2167177 
2167180 
2150800 
2183569 
2167189 
2150805 
2134421 
2183574 
2183575 
2183578 
2183580 
2150813 
2134430 
2183583 
2183585 
2150819 
2183588 
2167204 
2183589 
2183590 
2183592 
2183593 
2134442 
2183595 
2167211 
2183596 
2183598 
2150830 
2183601 
2167217 
2183602 
2183603 
2167220 
2183606 
2167223 
2150839 
2183609 
2183610 
2183611 
2183612 
2167228 
2150844 
2134462 
2150847 
2183616 
2183617 
2167233 
2167235 
2183620 
2150852 
2183621 
2150854 
2183624 
2167240 
2183625 
2150857 
2134475 
2183628 
2183630 
2183631 
2167247 
2167248 
2183634 
2150867 
2134484 
2183637 
2167253 
2183638 
2183639 
2183640 
2183641 
2150877 
2134495 
2167267 
2150885 
2167272 
2134505 
2167275 
2134509 
2150894 
2167280 
2134516 
2167286 
2150902 
2134520 
2167289 
2150908 
2134524 
2167294 
2150911 
2150916 
2167303 
2167304 
2134538 
2167307 
2167308 
2167309 
2150925 
2167311 
2150928 
2167314 
2134549 
2167324 
2134558 
2150944 
2167332 
2134564 
2150949 
2134567 
2150953 
2134570 
2167341 
2134575 
2167344 
2150960 
2134578 
2167349 
2150967 
2134585 
2150972 
2167357 
2134593 
2150979 
2167368 
2134601 
2167370 
2150987 
2167373 
2167375 
2134609 
2167378 
2150995 
2167383 
2134615 
2151008 
2167393 
2134625 
2167396 
2134628 
2151015 
2151017 
2151020 
2134641 
2167410 
2167411 
2151027 
2167412 
2134645 
2151032 
2151035 
2151037 
2167424 
2151040 
2167431 
2151049 
2167436 
2134668 
2151054 
2134675 
2167445 
2167454 
2134689 
2167464 
2151081 
2134699 
2167471 
2151088 
2167476 
2134710 
2151095 
2167481 
2167482 
2151101 
2167486 
2167491 
2134723 
2151108 
2134729 
2151114 
2167499 
2151116 
2151119 
2151121 
2134738 
2167508 
2151124 
2151127 
2167515 
2151132 
2167520 
2151143 
2167529 
2151147 
2167532 
2134764 
2151153 
2167538 
2167541 
2167543 
2151159 
2151161 
2167546 
2134779 
2151164 
2167551 
2167556 
2134789 
2167559 
2151176 
2134793 
2151181 
2167574 
2151190 
2167576 
2134808 
2151197 
2167582 
2151209 
2151217 
2167602 
2134835 
2134838 
2167607 
2151227 
2167617 
2151234 
2151235 
2167620 
2167625 
2134857 
2134865 
2167635 
2151251 
2167638 
2134870 
2167643 
2151261 
2167648 
2167651 
2151269 
2134887 
2167659 
2167662 
2151278 
2167667 
2151284 
2134901 
2167670 
2151288 
2167674 
2151296 
2167681 
2134913 
2151300 
2151304 
2167691 
2167692 
2151311 
2167698 
2134933 
2151318 
2151323 
2167712 
2151332 
2134948 
2134951 
2151338 
2167723 
2167727 
2151343 
2167730 
2134962 
2167733 
2151350 
2167738 
2167742 
2134974 
2151363 
2167749 
2134985 
2151370 
2151377 
2134993 
2167763 
2151384 
2135001 
2167770 
2167773 
2151391 
2135009 
2151394 
2167779 
2135013 
2135020 
2151405 
2167790 
2167795 
2167798 
2167799 
2151415 
2151422 
2151427 
2151428 
2167814 
2135046 
2151433 
2167820 
2151437 
2151443 
2167828 
2167832 
2167835 
2135067 
2167840 
2135072 
2135077 
2151462 
2167847 
2151466 
2135087 
2167858 
2151474 
2167864 
2135096 
2167865 
2167868 
2151484 
2167870 
2167877 
2151493 
2151497 
2135115 
2167884 
2151504 
2167889 
2135124 
2151510 
2167898 
2151514 
2151515 
2151516 
2135133 
2167903 
2151520 
2151527 
2135144 
2167913 
2167920 
2151537 
2151541 
2135158 
2167927 
2151546 
2167931 
2135166 
2151551 
2167938 
2151557 
2167942 
2167944 
2151561 
2167948 
2135181 
2151568 
2135187 
2151572 
2167958 
2135190 
2151579 
2135195 
2151584 
2167970 
2167975 
2151595 
2167980 
2151598 
2167984 
2135218 
2151603 
2151606 
2167991 
2167992 
2135226 
2151611 
2135230 
2168000 
2135237 
2151623 
2168008 
2168009 
2135241 
2168019 
2168020 
2151640 
2168029 
2135261 
2151647 
2135270 
2168039 
2151655 
2135273 
2151661 
2151667 
2135283 
2168052 
2168056 
2168059 
2151675 
2168060 
2135292 
2151680 
2135297 
2151683 
2151686 
2168074 
2151691 
2168079 
2151696 
2135315 
2168088 
2151704 
2168092 
2151709 
2135328 
2168098 
2151718 
2168103 
2135335 
2135338 
2168107 
2151723 
2151725 
2168112 
2151728 
2168113 
2168117 
2151736 
2168122 
2151740 
2168128 
2151747 
2135363 
2151750 
2151752 
2168137 
2135370 
2151755 
2168140 
2168145 
2168148 
2151765 
2168153 
2168154 
2168158 
2151775 
2151778 
2135395 
2151783 
2135400 
2168170 
2151788 
2168173 
2135406 
2151792 
2168177 
2151799 
2168184 
2168189 
2151809 
2151812 
2151817 
2168204 
2151820 
2135439 
2151824 
2168209 
2135444 
2151831 
2135447 
2168217 
2168221 
2151838 
2151840 
2135458 
2151843 
2151844 
2168236 
2151856 
2168241 
2168245 
2135479 
2168248 
2168253 
2151869 
2135487 
2168257 
2168259 
2135492 
2168262 
2168266 
2168268 
2151884 
2135500 
2168271 
2151889 
2135506 
2168276 
2168280 
2151899 
2135515 
2168285 
2151901 
2168286 
2168287 
2135526 
2135533 
2151918 
2168303 
2151923 
2151926 
2135542 
2168322 
2151938 
2168327 
2151947 
2168332 
2135564 
2151952 
2168337 
2168348 
2151965 
2168358 
2168365 
2168370 
2135602 
2168373 
2168378 
2151994 
2135612 
2168381 
2151999 
2168384 
2135616 
2168386 
2168389 
2168390 
2135623 
2152011 
2135628 
2168400 
2152016 
2135632 
2168407 
2135639 
2152025 
2168412 
2152030 
2168417 
2135649 
2168422 
2152039 
2135656 
2168425 
2152042 
2135661 
2168431 
2152047 
2135664 
2152050 
2168437 
2135669 
2152055 
2168443 
2152062 
2168448 
2135682 
2168451 
2152067 
2152068 
2168456 
2168457 
2152074 
2168460 
2152077 
2168464 
2152082 
2168470 
2135704 
2168474 
2152092 
2168477 
2152095 
2135711 
2135715 
2152100 
2168485 
2152102 
2152105 
2168490 
2152108 
2135726 
2152113 
2168500 
2152116 
2135734 
2168503 
2152125 
2135741 
2168510 
2168517 
2152138 
2135757 
2168527 
2152143 
2152146 
2152148 
2152151 
2135767 
2168540 
2152157 
2135773 
2152158 
2152159 
2135778 
2152163 
2168549 
2152165 
2168551 
2152169 
2135785 
2168554 
2168557 
2135790 
2168562 
2152180 
2168565 
2135802 
2168571 
2168578 
2152194 
2135810 
2168581 
2135815 
2152200 
2135820 
2168590 
2152206 
2168591 
2152208 
2168597 
2135829 
2152218 
2168603 
2135835 
2152220 
2152223 
2135839 
2152228 
2168615 
2135848 
2152233 
2168620 
2135852 
2168623 
2152239 
2135856 
2152244 
2168630 
2152248 
2168636 
2168638 
2152254 
2152257 
2135875 
2152262 
2135878 
2168650 
2135883 
2152270 
2152272 
2152275 
2152281 
2152283 
2152286 
2168671 
2152290 
2152291 
2152292 
2135909 
2152295 
2168681 
2168684 
2152300 
2135916 
2168687 
2152303 
2152308 
2168694 
2168695 
2135928 
2152313 
2152318 
2168703 
2135942 
2168711 
2152327 
2168714 
2152332 
2135950 
2168719 
2152337 
2152340 
2168726 
2135958 
2152345 
2168731 
2152349 
2168736 
2152353 
2152357 
2168746 
2152362 
2135978 
2152364 
2168751 
2152367 
2135985 
2168757 
2135992 
2152377 
2168763 
2168766 
2152383 
2168773 
2152390 
2168776 
2168781 
2152397 
2152403 
2168791 
2152408 
2136026 
2168797 
2152413 
2168802 
2152418 
2168803 
2168804 
2168805 
2136038 
2152423 
2168808 
2168813 
2152430 
2168816 
2168818 
2168821 
2152437 
2136054 
2168826 
2136061 
2168831 
2152448 
2168834 
2152454 
2168839 
2136071 
2168842 
2152459 
2152464 
2168850 
2152469 
2168857 
2168860 
2152478 
2168865 
2168867 
2152483 
2168870 
2152488 
2168873 
2136105 
2152493 
2168879 
2136114 
2168885 
2168886 
2152502 
2168890 
2168891 
2152507 
2168892 
2168894 
2152512 
2136129 
2152515 
2168903 
2152520 
2168906 
2152525 
2152528 
2168913 
2168914 
2152535 
2136151 
2168929 
2168934 
2152552 
2136168 
2168937 
2168940 
2152557 
2168946 
2136181 
2152566 
2136186 
2168957 
2136189 
2152576 
2168962 
2136194 
2168965 
2152581 
2136197 
2168968 
2168972 
2152588 
2136207 
2168977 
2152593 
2168979 
2168982 
2152598 
2136215 
2168987 
2168988 
2136220 
2168989 
2168990 
2168991 
2168992 
2168993 
2136225 
2168994 
2152610 
2168995 
2169000 
2136234 
2152621 
2169009 
2136242 
2169011 
2169014 
2136246 
2152631 
2152633 
2152636 
2136253 
2169023 
2169026 
2136260 
2169031 
2152648 
2169036 
2152653 
2169041 
2136274 
2152659 
2152663 
2136280 
2152666 
2169052 
2136284 
2152671 
2169056 
2136289 
2152676 
2169063 
2136298 
2136301 
2169070 
2152690 
2136306 
2169076 
2169077 
2152693 
2136312 
2169081 
2152698 
2152700 
2152703 
2169088 
2169091 
2136325 
2152710 
2169096 
2136332 
2169102 
2169103 
2169104 
2136337 
2152722 
2136345 
2169115 
2136348 
2152734 
2169119 
2152737 
2136353 
2136356 
2169126 
2169129 
2152746 
2169134 
2152752 
2169139 
2152759 
2169144 
2169147 
2152765 
2169151 
2152772 
2169158 
2152774 
2136390 
2152777 
2169162 
2136397 
2152784 
2169169 
2169172 
2169174 
2152791 
2136411 
2169183 
2152799 
2152803 
2136420 
2169191 
2169194 
2152810 
2136428 
2152815 
2169202 
2152818 
2152821 
2152824 
2136440 
2136452 
2169221 
2152839 
2169224 
2152846 
2169231 
2152849 
2136466 
2152854 
2169239 
2136472 
2169241 
2152859 
2169244 
2169245 
2136481 
2152868 
2169253 
2136486 
2152872 
2169260 
2152879 
2169265 
2136497 
2152884 
2136501 
2152888 
2169274 
2169276 
2136508 
2152893 
2169279 
2152896 
2136512 
2169281 
2136516 
2152901 
2152904 
2152910 
2136528 
2152915 
2169300 
2152920 
2169305 
2136539 
2136542 
2152929 
2136545 
2169317 
2136550 
2136553 
2152938 
2136556 
2169325 
2152945 
2169331 
2136567 
2152954 
2152958 
2136577 
2169346 
2136580 
2152965 
2169351 
2152968 
2136585 
2152971 
2169357 
2152976 
2152978 
2136595 
2169364 
2152981 
2136598 
2152983 
2152986 
2136603 
2152989 
2136605 
2152994 
2136612 
2169385 
2169390 
2153007 
2136623 
2136631 
2153018 
2169403 
2169406 
2169411 
2136643 
2169416 
2169421 
2136653 
2136658 
2153043 
2169428 
2153050 
2136667 
2136670 
2169440 
2153056 
2136673 
2169445 
2136680 
2153068 
2169455 
2153074 
2136690 
2169464 
2169469 
2153085 
2136703 
2153090 
2136712 
2169482 
2153101 
2136720 
2153105 
2169495 
2136728 
2169498 
2153114 
2169503 
2153122 
2169507 
2136740 
2153129 
2169514 
2153132 
2169517 
2136753 
2169522 
2169523 
2169524 
2153142 
2169527 
2136760 
2169535 
2169536 
2153153 
2153158 
2136776 
2136783 
2169554 
2153170 
2169558 
2153175 
2153178 
2169563 
2169566 
2153183 
2169571 
2153189 
2153195 
2136811 
2169580 
2153199 
2136816 
2169585 
2153203 
2153205 
2169592 
2153208 
2153209 
2136825 
2169599 
2153217 
2153222 
2169615 
2153231 
2169618 
2153245 
2136865 
2169636 
2153253 
2153256 
2169642 
2136874 
2136881 
2169651 
2153268 
2169658 
2153274 
2169661 
2169664 
2153280 
2169669 
2153287 
2169672 
2169677 
2153296 
2169682 
2153298 
2136915 
2153301 
2136920 
2153305 
2169690 
2169691 
2169692 
2169694 
2153312 
2169697 
2136929 
2169698 
2153317 
2153322 
2169707 
2153325 
2169710 
2153328 
2136946 
2169715 
2169716 
2153333 
2136951 
2153336 
2169722 
2169725 
2153341 
2136958 
2153343 
2169730 
2153346 
2153348 
2169733 
2136965 
2169738 
2169741 
2153358 
2153361 
2169750 
2169751 
2169752 
2169753 
2169754 
2169755 
2153372 
2136990 
2153377 
2153380 
2137000 
2169770 
2153390 
2169778 
2137010 
2169781 
2153397 
2137013 
2169784 
2137018 
2169790 
2169795 
2153416 
2169802 
2153422 
2169809 
2137045 
2169820 
2169825 
2137058 
2169828 
2153444 
2169831 
2169836 
2169843 
2153459 
2137076 
2169849 
2169852 
2153468 
2137086 
2169855 
2169858 
2137090 
2169860 
2137094 
2169865 
2153482 
2137101 
2137105 
2169878 
2169881 
2153498 
2137116 
2169886 
2153507 
2169892 
2137125 
2169897 
2153513 
2137131 
2169900 
2153516 
2137134 
2169905 
2153521 
2137137 
2169908 
2153526 
2137142 
2169911 
2137144 
2153532 
2137148 
2153534 
2169919 
2153537 
2137155 
2153541 
2153550 
2137168 
2169938 
2153556 
2137176 
2153564 
2169949 
2153566 
2153569 
2137185 
2169956 
2153572 
2169957 
2137192 
2153581 
2153587 
2137204 
2169973 
2169980 
2137214 
2137218 
2169987 
2153603 
2137225 
2169996 
2137228 
2153614 
2170004 
2170005 
2137237 
2153623 
2170008 
2153627 
2170014 
2137247 
2170018 
2153634 
2153637 
2137253 
2137255 
2170025 
2153642 
2137258 
2153644 
2137260 
2170030 
2153647 
2137264 
2170033 
2170034 
2170037 
2153655 
2170042 
2153658 
2170047 
2170048 
2153664 
2170049 
2170054 
2153673 
2170059 
2170060 
2137293 
2153686 
2170073 
2137306 
2153693 
2170078 
2170083 
2153701 
2137317 
2170088 
2170097 
2137329 
2170100 
2153718 
2170105 
2137337 
2137342 
2153728 
2170115 
2153732 
2137351 
2170123 
2153739 
2153743 
2137359 
2170131 
2153750 
2137370 
2170140 
2153756 
2170149 
2153770 
2170156 
2153774 
2137390 
2153781 
2170167 
2170169 
2153789 
2137405 
2170176 
2170181 
2137413 
2170184 
2153803 
2137420 
2170191 
2170193 
2153810 
2170200 
2153816 
2137432 
2153819 
2170208 
2153824 
2170213 
2170217 
2137449 
2170220 
2170223 
2170233 
2137465 
2153852 
2170238 
2170241 
2153859 
2170246 
2170247 
2153864 
2170249 
2137483 
2137488 
2153873 
2170264 
2170269 
2153886 
2153889 
2137505 
2153893 
2137510 
2170279 
2153900 
2170286 
2170289 
2137523 
2153912 
2153913 
2137533 
2153918 
2153931 
2170316 
2137549 
2153942 
2170327 
2153947 
2137565 
2153952 
2170338 
2170339 
2170342 
2170347 
2153963 
2170352 
2170353 
2170354 
2153970 
2153975 
2170361 
2153978 
2137595 
2170368 
2153985 
2137602 
2170371 
2153990 
2137609 
2170379 
2153995 
2170384 
2154004 
2170389 
2170397 
2137635 
2170404 
2154022 
2170409 
2154025 
2170411 
2154030 
2154037 
2170422 
2154045 
2170431 
2170435 
2170437 
2154053 
2170440 
2154056 
2170441 
2170442 
2154061 
2170447 
2154064 
2170450 
2170455 
2170457 
2154077 
2170463 
2154085 
2170471 
2137706 
2170480 
2137715 
2154101 
2170487 
2154106 
2170494 
2154111 
2137727 
2170499 
2137732 
2170504 
2170506 
2137741 
2170518 
2154139 
2137755 
2137761 
2170533 
2154152 
2137768 
2170541 
2137779 
2170549 
2154166 
2170555 
2137792 
2170562 
2170565 
2154181 
2137797 
2137800 
2170570 
2154186 
2170572 
2170575 
2170577 
2154195 
2137811 
2170583 
2154203 
2154207 
2137823 
2170594 
2170599 
2154216 
2170603 
2137838 
2170610 
2137843 
2154228 
2170616 
2170617 
2137850 
2170620 
2154236 
2170624 
2137859 
2170631 
2154248 
2170637 
2137869 
2170639 
2170642 
2170643 
2154260 
2137878 
2170648 
2154265 
2170653 
2137887 
2154276 
2154279 
2170666 
2154284 
2170669 
2137901 
2170674 
2170681 
2154297 
2137915 
2154302 
2170688 
2154304 
2154307 
2170693 
2137927 
2170696 
2170698 
2154314 
2170706 
2154323 
2137939 
2170712 
2154328 
2137944 
2137948 
2154336 
2170721 
2154339 
2170724 
2154343 
2170729 
2137961 
2170733 
2154350 
2170740 
2170742 
2154360 
2170745 
2170746 
2170748 
2154365 
2170751 
2154367 
2154370 
2137986 
2170756 
2170765 
2137998 
2170768 
2154384 
2138005 
2154390 
2170778 
2138010 
2154395 
2170780 
2138017 
2154404 
2170793 
2154414 
2154421 
2138037 
2154426 
2170812 
2138047 
2170819 
2154436 
2138054 
2170824 
2154443 
2138060 
2170829 
2154449 
2154451 
2138070 
2170843 
2138076 
2154462 
2170848 
2154470 
2170855 
2138087 
2154474 
2170860 
2170863 
2154481 
2138097 
2154482 
2170868 
2154485 
2170871 
2170878 
2138112 
2170882 
2154498 
2170883 
2170884 
2170887 
2170888 
2170889 
2170890 
2138125 
2170895 
2154512 
2154515 
2138133 
2170903 
2154522 
2170910 
2170913 
2138147 
2138150 
2170921 
2154539 
2138155 
2170926 
2154546 
2138166 
2170938 
2154560 
2170949 
2154568 
2138190 
2170962 
2138195 
2154580 
2170965 
2170972 
2138204 
2154589 
2170975 
2154594 
2138212 
2170982 
2138215 
2138218 
2154603 
2170990 
2154606 
2170995 
2138227 
2154616 
2138232 
2154622 
2138239 
2171008 
2154624 
2154627 
2171015 
2154631 
2138247 
2171019 
2171025 
2154645 
2171032 
2171037 
2154657 
2138273 
2154660 
2154665 
2138289 
2171058 
2171063 
2154680 
2171068 
2138301 
2154689 
2171076 
2171081 
2154702 
2138318 
2154705 
2171090 
2138323 
2154710 
2138326 
2171098 
2138333 
2138336 
2171105 
2154721 
2171109 
2171112 
2154731 
2171117 
2171119 
2138355 
2171125 
2154749 
2138366 
2171135 
2154755 
2171141 
2154757 
2171144 
2154760 
2171147 
2171148 
2154765 
2138381 
2171152 
2154768 
2138384 
2138389 
2171159 
2154777 
2171163 
2154782 
2138398 
2138401 
2171170 
2171172 
2138404 
2171175 
2171177 
2138409 
2154794 
2171180 
2154799 
2154802 
2138418 
2171188 
2154805 
2138426 
2171196 
2171197 
2171198 
2154815 
2138431 
2138434 
2154822 
2138439 
2171208 
2138443 
2138446 
2171215 
2154835 
2138452 
2171225 
2154842 
2154847 
2138463 
2154856 
2171241 
2154860 
2171246 
2138482 
2171251 
2171254 
2171257 
2171258 
2154876 
2138495 
2171265 
2171269 
2154885 
2171272 
2138504 
2154889 
2138511 
2171280 
2154896 
2154901 
2154905 
2154910 
2154913 
2154917 
2171305 
2154923 
2171310 
2154926 
2171311 
2138549 
2154935 
2138557 
2171326 
2154942 
2138560 
2171329 
2154945 
2171332 
2138565 
2171337 
2154954 
2171344 
2154963 
2154965 
2171352 
2154968 
2138586 
2171356 
2154972 
2138593 
2138594 
2171363 
2154985 
2138601 
2171370 
2154990 
2171375 
2154991 
2171376 
2138617 
2171388 
2155004 
2171392 
2138626 
2171395 
2155015 
2155017 
2171407 
2138643 
2122259 
2171412 
2155029 
2138648 
2155035 
2171420 
2138652 
2155038 
2122271 
2171424 
2171427 
2122275 
2155044 
2155045 
2138661 
2171430 
2155049 
2122284 
2155054 
2171440 
2138673 
2155059 
2155062 
2171448 
2138680 
2155067 
2122301 
2171454 
2155072 
2171457 
2138690 
2122306 
2171462 
2155079 
2155081 
2171470 
2138702 
2171473 
2155090 
2171478 
2171481 
2171482 
2171483 
2155099 
2155100 
2155101 
2155107 
2138724 
2122341 
2155113 
2155124 
2138740 
2122357 
2171512 
2155130 
2138747 
2171520 
2155137 
2122369 
2171523 
2155140 
2138757 
2155143 
2138763 
2155148 
2122380 
2155150 
2155152 
2138768 
2122385 
2171539 
2155155 
2155158 
2155161 
2138777 
2171550 
2155166 
2122399 
2171555 
2138788 
2138791 
2171564 
2155180 
2138796 
2171567 
2138800 
2122418 
2171572 
2138807 
2171577 
2122427 
2155197 
2138814 
2155200 
2138817 
2138820 
2122436 
2155207 
2138824 
2171593 
2155211 
2171597 
2138831 
2155221 
2138838 
2138839 
2171612 
2155234 
2171619 
2155238 
2171625 
2138858 
2155245 
2171630 
2138865 
2155250 
2155254 
2171639 
2138871 
2155259 
2138876 
2171648 
2155264 
2155266 
2138884 
2171653 
2122505 
2155274 
2155275 
2155277 
2138893 
2155280 
2171667 
2155283 
2171670 
2155288 
2122529 
2155299 
2138915 
2171685 
2171694 
2155311 
2138927 
2122544 
2155316 
2171701 
2122553 
2171706 
2155323 
2138940 
2171711 
2155332 
2138949 
2155336 
2138956 
2155341 
2171726 
2155342 
2122574 
2171730 
2155350 
2122583 
2171737 
2138972 
2171742 
2171743 
2155359 
2171746 
2138986 
2171755 
2171758 
2155375 
2122608 
2138993 
2171762 
2155378 
2155381 
2171769 
2139001 
2155386 
2122618 
2155388 
2171774 
2155390 
2171775 
2155393 
2122625 
2171779 
2155396 
2139012 
2155399 
2171784 
2122634 
2155404 
2171790 
2139022 
2155407 
2171794 
2171797 
2155413 
2155415 
2139031 
2122648 
2171802 
2155418 
2155420 
2122653 
2139039 
2171809 
2155426 
2155428 
2122662 
2155431 
2171817 
2155434 
2122667 
2171820 
2122670 
2155439 
2155441 
2171827 
2122675 
2155448 
2122680 
2171833 
2139068 
2171838 
2155455 
2122689 
2171843 
2139075 
2155460 
2139082 
2122698 
2171852 
2155470 
2171857 
2122706 
2139091 
2155479 
2155484 
2171871 
2155487 
2139104 
2122721 
2155490 
2155493 
2171878 
2155500 
2122735 
2171891 
2155508 
2139125 
2155513 
2155517 
2155521 
2139137 
2171909 
2155525 
2155526 
2171912 
2122760 
2155530 
2171915 
2171916 
2155536 
2171921 
2155539 
2122771 
2155541 
2139159 
2155544 
2171932 
2139164 
2155549 
2155552 
2122784 
2171939 
2155557 
2139173 
2155560 
2122793 
2171946 
2155563 
2139180 
2155566 
2139184 
2122802 
2155571 
2171956 
2139189 
2171959 
2155576 
2139194 
2171964 
2122812 
2155583 
2171973 
2155589 
2139206 
2139209 
2155597 
2155598 
2139214 
2122831 
2155600 
2171985 
2139218 
2155603 
2155608 
2171994 
2155614 
2171999 
2172002 
2155618 
2139234 
2155621 
2139237 
2172007 
2122856 
2155626 
2155629 
2122861 
2172016 
2155632 
2122866 
2172027 
2139259 
2139262 
2155649 
2122885 
2172038 
2139271 
2172041 
2155664 
2139281 
2155667 
2172052 
2139286 
2172055 
2122903 
2172063 
2139295 
2172066 
2139300 
2172071 
2139303 
2155689 
2172074 
2122924 
2155694 
2172080 
2139313 
2122929 
2172083 
2139318 
2155703 
2139323 
2155710 
2122945 
2172099 
2155717 
2139333 
2155720 
2172109 
2122958 
2155729 
2172114 
2155732 
2172119 
2155737 
2139354 
2122970 
2172124 
2155744 
2172129 
2139361 
2172130 
2122979 
2139365 
2155750 
2155753 
2172140 
2139372 
2122990 
2155760 
2172145 
2139378 
2155763 
2172150 
2123001 
2155770 
2139386 
2172159 
2123009 
2155779 
2123011 
2172166 
2123014 
2139401 
2155786 
2123019 
2172175 
2172178 
2123026 
2172181 
2139416 
2172186 
2155803 
2172189 
2172192 
2123043 
2172197 
2139430 
2155816 
2172202 
2139435 
2155822 
2139440 
2155826 
2155829 
2172216 
2139449 
2123065 
2172221 
2155838 
2123070 
2139457 
2172226 
2139460 
2172231 
2139463 
2123079 
2155848 
2172236 
2139468 
2123085 
2172239 
2155859 
2172244 
2139479 
2123096 
2155867 
2172254 
2172255 
2123103 
2172256 
2172259 
2139492 
2172262 
2155878 
2123110 
2155882 
2172267 
2123119 
2139504 
2172275 
2155891 
2172276 
2172277 
2155896 
2139512 
2123132 
2172285 
2155903 
2139519 
2172290 
2139526 
2172298 
2155916 
2123151 
2139536 
2155922 
2172308 
2123158 
2172313 
2155931 
2155934 
2139551 
2155939 
2155942 
2172328 
2123176 
2155945 
2155950 
2139566 
2172336 
2123185 
2172339 
2155956 
2172342 
2123190 
2139575 
2155965 
2172353 
2155969 
2123202 
2172360 
2155976 
2155984 
2139600 
2172371 
2155989 
2139607 
2172378 
2139612 
2172381 
2156000 
2172386 
2139619 
2172389 
2156009 
2172396 
2139631 
2172400 
2156018 
2172404 
2156023 
2123256 
2172409 
2139642 
2156029 
2172416 
2156034 
2172419 
2123268 
2139653 
2172425 
2156043 
2123275 
2172431 
2139663 
2172436 
2172439 
2123288 
2156057 
2172442 
2123292 
2139679 
2172450 
2123300 
2156071 
2172460 
2123310 
2156080 
2123314 
2172467 
2156085 
2139701 
2172477 
2156098 
2123332 
2172486 
2123337 
2172493 
2172495 
2123344 
2139729 
2156116 
2123348 
2172501 
2172505 
2156123 
2139741 
2172512 
2156128 
2123360 
2139746 
2139753 
2172523 
2156142 
2139759 
2123376 
2172529 
2172532 
2156151 
2172537 
2139772 
2172544 
2172545 
2172546 
2172547 
2172549 
2156168 
2156173 
2123406 
2172561 
2123415 
2156184 
2139800 
2172569 
2172570 
2172571 
2156191 
2139809 
2123432 
2139818 
2172588 
2156204 
2156205 
2139823 
2123441 
2156211 
2172596 
2172599 
2156220 
2139838 
2156224 
2172609 
2123458 
2156231 
2139848 
2172617 
2156241 
2123478 
2172631 
2139865 
2156250 
2139871 
2123488 
2172644 
2139881 
2123497 
2172651 
2156268 
2123502 
2139888 
2156275 
2172662 
2123510 
2139898 
2172667 
2156283 
2172674 
2156290 
2156294 
2139910 
2172680 
2156301 
2139920 
2172689 
2123540 
2156309 
2172695 
2172700 
2156317 
2123552 
2172707 
2123559 
2156328 
2139947 
2123563 
2172717 
2172718 
2172724 
2123572 
2123577 
2172732 
2156348 
2172733 
2172734 
2123582 
2156355 
2139971 
2172740 
2123591 
2156360 
2139977 
2172748 
2156367 
2172752 
2123601 
2172760 
2123608 
2156379 
2139995 
2172765 
2123617 
2172770 
2172771 
2156388 
2172774 
2172775 
2172776 
2156395 
2140012 
2172781 
2123634 
2156403 
2172790 
2140022 
2172791 
2123643 
2156413 
2140029 
2172801 
2140035 
2172804 
2123652 
2123657 
2172811 
2172814 
2156430 
2172816 
2172818 
2123666 
2172821 
2140053 
2172824 
2156441 
2172827 
2172830 
2123679 
2172834 
2156452 
2123688 
2172841 
2156457 
2140075 
2123693 
2172846 
2156464 
2140080 
2123696 
2123699 
2172853 
2156471 
2140089 
2123708 
2172861 
2156477 
2140094 
2123712 
2172865 
2140097 
2156485 
2172870 
2156489 
2172875 
2140107 
2156496 
2123729 
2172882 
2172888 
2140121 
2156506 
2123738 
2172891 
2172894 
2156511 
2123743 
2140128 
2172900 
2172904 
2172909 
2172912 
2140144 
2123763 
2156535 
2140152 
2156540 
2123775 
2172928 
2172932 
2172935 
2156553 
2172938 
2172942 
2140174 
2123790 
2156561 
2172947 
2172948 
2172949 
2172952 
2156571 
2156574 
2140190 
2172959 
2156577 
2123810 
2156583 
2140201 
2172971 
2123825 
2172978 
2156597 
2172982 
2140214 
2172987 
2123835 
2156604 
2140221 
2140227 
2123844 
2156614 
2140230 
2173003 
2140235 
2173008 
2123857 
2156628 
2140249 
2173020 
2156638 
2123871 
2173025 
2123876 
2173031 
2173035 
2123883 
2140269 
2123886 
2156657 
2123889 
2173042 
2173043 
2173044 
2156662 
2173047 
2140279 
2123899 
2173052 
2156674 
2173061 
2140293 
2123912 
2156681 
2140302 
2140309 
2123925 
2156695 
2173080 
2140313 
2156700 
2173085 
2173086 
2173087 
2140320 
2123936 
2140325 
2173098 
2156715 
2140334 
2156720 
2156724 
2140341 
2173111 
2156728 
2173114 
2173117 
2140349 
2173122 
2140354 
2156739 
2156743 
2140359 
2173130 
2173131 
2173132 
2140364 
2123984 
2140371 
2173140 
2156757 
2156760 
2173147 
2140379 
2140383 
2123999 
2140388 
2124004 
2173159 
2173162 
2140396 
2124015 
2156786 
2140402 
2156787 
2140404 
2173174 
2173177 
2140412 
2124031 
2173184 
2156804 
2140425 
2124041 
2156811 
2140430 
2173201 
2156819 
2173204 
2140437 
2156822 
2173211 
2140447 
2124063 
2156834 
2140451 
2140456 
2124072 
2173225 
2156847 
2140463 
2173234 
2156857 
2124090 
2173245 
2156861 
2140478 
2156865 
2124097 
2173254 
2156872 
2124107 
2156878 
2173264 
2140499 
2173272 
2124122 
2173277 
2156895 
2124127 
2140513 
2173286 
2140519 
2124136 
2173291 
2156907 
2124140 
2140530 
2124147 
2173300 
2156916 
2173303 
2140535 
2173308 
2156925 
2124157 
2173311 
2140544 
2173316 
2140548 
2156936 
2124169 
2140555 
2140560 
2173329 
2156945 
2156948 
2173334 
2140567 
2173337 
2140570 
2156955 
2124188 
2173342 
2140577 
2156964 
2173353 
2173355 
2124204 
2173358 
2140591 
2173360 
2173363 
2124213 
2124218 
2156987 
2140603 
2173372 
2140608 
2156994 
2173380 
2156999 
2140615 
2173385 
2124235 
2173388 
2173389 
2140624 
2124241 
2140627 
2173399 
2157018 
2140634 
2124250 
2173406 
2124255 
2173408 
2140641 
2173413 
2124264 
2173422 
2140658 
2124274 
2157043 
2173428 
2124277 
2173431 
2173433 
2157049 
2124282 
2173436 
2140669 
2140675 
2140677 
2173446 
2157064 
2140680 
2124296 
2157067 
2140683 
2173453 
2124301 
2157072 
2173458 
2173461 
2157077 
2140693 
2124312 
2173466 
2157084 
2140701 
2173471 
2173472 
2173473 
2157089 
2140709 
2124328 
2173481 
2157097 
2173483 
2140715 
2157102 
2140722 
2157107 
2173493 
2140725 
2124342 
2173498 
2140731 
2173503 
2124352 
2140737 
2157122 
2173507 
2140744 
2124362 
2173516 
2173523 
2157143 
2173530 
2124379 
2173534 
2173537 
2124386 
2140771 
2173540 
2157158 
2173545 
2173547 
2124395 
2173550 
2173552 
2124400 
2173554 
2140786 
2173557 
2140791 
2124407 
2157177 
2124412 
2173566 
2157184 
2173569 
2140801 
2157189 
2173577 
2124425 
2140810 
2157198 
2124430 
2173587 
2140822 
2157208 
2124441 
2173594 
2140829 
2173604 
2157221 
2140839 
2173609 
2124458 
2140845 
2173614 
2173619 
2173625 
2157241 
2140858 
2173631 
2124481 
2157250 
2140870 
2140873 
2173643 
2124493 
2140882 
2124498 
2173654 
2157270 
2173659 
2124507 
2173664 
2157280 
2140896 
2173667 
2157283 
2173670 
2157286 
2124518 
2140904 
2173673 
2157291 
2124525 
2173680 
2157296 
2124532 
2173685 
2157302 
2140918 
2173688 
2173693 
2124545 
2157317 
2173705 
2157322 
2173707 
2124555 
2140941 
2173710 
2157327 
2140946 
2124564 
2173717 
2140951 
2157336 
2124573 
2140960 
2157345 
2173732 
2140966 
2157352 
2173737 
2124587 
2173746 
2157362 
2124594 
2173753 
2140985 
2173756 
2157373 
2140990 
2124606 
2173761 
2157378 
2140998 
2157388 
2157391 
2141007 
2141008 
2124626 
2173779 
2173780 
2173782 
2173789 
2173792 
2124641 
2141026 
2157412 
2173799 
2157417 
2141039 
2157426 
2173813 
2157430 
2124665 
2173818 
2173823 
2157443 
2173831 
2157451 
2124683 
2141069 
2173840 
2173844 
2141076 
2124694 
2173847 
2173849 
2141087 
2173857 
2141090 
2157475 
2173860 
2141095 
2173865 
2124716 
2173870 
2173877 
2141111 
2173882 
2157498 
2124735 
2173889 
2157505 
2141123 
2173894 
2157513 
2124745 
2141132 
2157523 
2173909 
2124758 
2141144 
2173915 
2141148 
2124773 
2141158 
2157547 
2124780 
2173933 
2141169 
2173939 
2124789 
2141177 
2157563 
2157568 
2124800 
2173954 
2141190 
2124807 
2173961 
2141193 
2173965 
2141198 
2157583 
2124816 
2173972 
2141205 
2124833 
2141218 
2173987 
2173991 
2157609 
2173997 
2141229 
2157614 
2124851 
2174006 
2124860 
2174014 
2124871 
2174026 
2174031 
2141264 
2157650 
2124883 
2174037 
2174043 
2124892 
2174046 
2141278 
2157663 
2174051 
2124900 
2157670 
2174055 
2157673 
2141291 
2157677 
2174062 
2141296 
2174065 
2124915 
2174072 
2141305 
2157690 
2174075 
2174076 
2141308 
2124924 
2174078 
2174081 
2157699 
2174084 
2157704 
2174089 
2174090 
2174094 
2174097 
2141334 
2124951 
2174105 
2141344 
2174114 
2124965 
2174118 
2141350 
2174121 
2174124 
2141357 
2174127 
2141362 
2174133 
2141371 
2157758 
2124990 
2174148 
2157765 
2141381 
2174153 
2125002 
2157775 
2125008 
2174161 
2157782 
2174169 
2157787 
2174172 
2125021 
2174176 
2174179 
2157796 
2125030 
2141416 
2174185 
2157803 
2125035 
2174190 
2125040 
2174195 
2174201 
2157817 
2125049 
2157822 
2174209 
2141442 
2174213 
2157831 
2141448 
2125066 
2157836 
2174221 
2125069 
2174224 
2125074 
2141462 
2125079 
2157848 
2174233 
2157852 
2125085 
2174238 
2141471 
2174241 
2174242 
2125091 
2125094 
2157863 
2174250 
2157867 
2125099 
2125103 
2174257 
2157874 
2174262 
2141497 
2157883 
2157886 
2174278 
2125127 
2174283 
2157903 
2141519 
2174289 
2174294 
2125142 
2141529 
2157914 
2125146 
2174302 
2141536 
2157921 
2125153 
2174311 
2141545 
2125161 
2141552 
2157939 
2125171 
2141557 
2174329 
2125179 
2141564 
2174334 
2157950 
2141569 
2174339 
2157956 
2125192 
2174347 
2157966 
2125201 
2174355 
2125206 
2174360 
2157976 
2141592 
2157979 
2125212 
2174368 
2141601 
2157987 
2174374 
2125222 
2174377 
2174378 
2157996 
2125229 
2141615 
2158003 
2174390 
2158006 
2174395 
2125249 
2141634 
2141637 
2158022 
2174408 
2158027 
2174415 
2174418 
2141651 
2158036 
2174423 
2174426 
2174431 
2158047 
2141663 
2174434 
2158051 
2141671 
2174442 
2125290 
2158060 
2174447 
2158063 
2158065 
2125297 
2174450 
2158068 
2174453 
2141685 
2174458 
2141692 
2174461 
2125310 
2158079 
2174467 
2158087 
2174472 
2141707 
2174477 
2174480 
2141714 
2174483 
2158100 
2125332 
2174486 
2141719 
2174489 
2158110 
2174495 
2141727 
2174502 
2158118 
2141735 
2125354 
2158123 
2174508 
2174513 
2125363 
2141748 
2158136 
2125368 
2158141 
2141757 
2174526 
2125380 
2158150 
2174538 
2141773 
2125389 
2158159 
2125393 
2174549 
2125400 
2174553 
2158170 
2141786 
2174560 
2125409 
2174566 
2158186 
2141802 
2125419 
2141805 
2158191 
2125424 
2174578 
2141812 
2158198 
2174585 
2125433 
2174589 
2158208 
2141826 
2174595 
2125445 
2174598 
2141830 
2158216 
2125452 
2141837 
2174606 
2174610 
2125463 
2141849 
2158234 
2174622 
2125473 
2158242 
2141860 
2125477 
2174637 
2141869 
2158256 
2174647 
2141879 
2125498 
2174662 
2158279 
2174665 
2125513 
2125518 
2158290 
2141914 
2174683 
2158300 
2174688 
2125539 
2174693 
2158310 
2174698 
2125548 
2174707 
2174710 
2141945 
2174715 
2174717 
2158335 
2174720 
2125569 
2174723 
2141956 
2174728 
2174731 
2125580 
2141968 
2174739 
2125589 
2174744 
2141978 
2174747 
2158366 
2125598 
2141985 
2125606 
2174761 
2158377 
2141994 
2174769 
2125617 
2142004 
2174775 
2158392 
2174778 
2142010 
2174780 
2174783 
2174786 
2142019 
2125638 
2158411 
2158418 
2125653 
2174806 
2174809 
2158425 
2142041 
2174817 
2158434 
2125666 
2125670 
2174827 
2158445 
2125677 
2174830 
2142063 
2174835 
2158452 
2125684 
2174838 
2142070 
2174843 
2158461 
2142079 
2125697 
2174850 
2158466 
2174851 
2142086 
2174859 
2125708 
2142093 
2174864 
2158481 
2125716 
2142102 
2174873 
2125723 
2174876 
2158494 
2174881 
2142114 
2158501 
2158504 
2142120 
2125736 
2174891 
2142125 
2158514 
2142130 
2174899 
2158517 
2174904 
2125754 
2174915 
2158531 
2142148 
2125768 
2174926 
2174929 
2158545 
2125781 
2174934 
2142167 
2174939 
2158555 
2125788 
2142173 
2174942 
2174944 
2174947 
2125796 
2174953 
2142185 
2174955 
2158572 
2174960 
2174963 
2125811 
2142200 
2125817 
2158591 
2174976 
2125826 
2158595 
2125832 
2158603 
2174988 
2125837 
2174990 
2142222 
2174993 
2125842 
2158612 
2158617 
2175002 
2125851 
2175005 
2175006 
2158626 
2142244 
2175013 
2125861 
2175018 
2125867 
2158636 
2175025 
2158641 
2142258 
2125874 
2142263 
2175032 
2175034 
2158650 
2158652 
2142268 
2175037 
2158655 
2125887 
2175043 
2175045 
2142277 
2125894 
2175048 
2158666 
2142285 
2125901 
2175056 
2142288 
2175059 
2142291 
2158678 
2175064 
2158680 
2142296 
2175065 
2158683 
2142299 
2175069 
2158687 
2142304 
2175073 
2125923 
2142309 
2158694 
2142312 
2125929 
2175082 
2158699 
2175087 
2142320 
2175090 
2175091 
2158708 
2175096 
2125945 
2175098 
2175101 
2142333 
2158719 
2158723 
2142348 
2158733 
2125966 
2142355 
2125973 
2158744 
2125980 
2175133 
2158749 
2142373 
2125989 
2175142 
2158758 
2175149 
2142382 
2175154 
2175155 
2158771 
2175156 
2126006 
2175159 
2158778 
2175164 
2126016 
2175169 
2175170 
2158788 
2175173 
2126023 
2175181 
2158797 
2126033 
2175186 
2158804 
2175189 
2158807 
2142425 
2175194 
2126042 
2158812 
2158814 
2142430 
2175199 
2126047 
2142434 
2142437 
2175208 
2126059 
2142444 
2158831 
2142450 
2126066 
2158836 
2142453 
2175224 
2175225 
2142458 
2175228 
2126076 
2158845 
2142463 
2142466 
2142469 
2126086 
2175240 
2158858 
2142474 
2126090 
2175243 
2175247 
2142481 
2142482 
2175255 
2175257 
2158874 
2126109 
2175262 
2175267 
2142499 
2158884 
2175269 
2142503 
2126119 
2175276 
2158894 
2142510 
2126129 
2175286 
2158902 
2142518 
2126141 
2158910 
2142526 
2158913 
2158919 
2175309 
2142541 
2126157 
2158926 
2175312 
2126162 
2175315 
2158931 
2175316 
2126165 
2142553 
2142555 
2175324 
2142558 
2126175 
2158944 
2142563 
2175332 
2158949 
2126183 
2175336 
2142571 
2142576 
2158961 
2175347 
2126196 
2158966 
2175353 
2142585 
2142586 
2158975 
2142593 
2158979 
2175366 
2142599 
2126215 
2158986 
2126220 
2175373 
2175375 
2158991 
2142607 
2175378 
2126227 
2158998 
2175383 
2175386 
2142618 
2126234 
2159005 
2142627 
2126243 
2175396 
2126247 
2175400 
2159016 
2159020 
2142637 
2126254 
2175407 
2159027 
2142643 
2175415 
2126263 
2175418 
2159036 
2142654 
2175423 
2175426 
2142665 
2175434 
2175437 
2126286 
2159056 
2159061 
2175448 
2142680 
2126296 
2159066 
2175452 
2126301 
2159073 
2175461 
2142694 
2175464 
2142704 
2159089 
2142712 
2159097 
2175482 
2142717 
2126333 
2175489 
2175494 
2142726 
2159113 
2175499 
2142731 
2142734 
2126352 
2175506 
2142739 
2159125 
2175510 
2142747 
2126364 
2175517 
2175520 
2159139 
2142756 
2175525 
2126376 
2142763 
2175533 
2159149 
2126383 
2159153 
2175539 
2159160 
2126392 
2175546 
2142779 
2175549 
2175553 
2159169 
2175557 
2142789 
2159176 
2159179 
2175564 
2175569 
2142802 
2142805 
2142809 
2126427 
2175580 
2159196 
2175583 
2142816 
2159201 
2142821 
2142822 
2175591 
2126439 
2142825 
2175596 
2126444 
2175597 
2159213 
2142833 
2159220 
2175606 
2142840 
2126462 
2175615 
2175620 
2159237 
2126469 
2159241 
2175626 
2142858 
2126476 
2126483 
2159252 
2175641 
2175642 
2126490 
2175646 
2142878 
2159264 
2126497 
2175654 
2159274 
2126506 
2159279 
2126513 
2175666 
2159283 
2142899 
2175668 
2126518 
2175673 
2142906 
2126523 
2175678 
2142911 
2159298 
2142916 
2126532 
2142918 
2175688 
2159305 
2175692 
2142925 
2126541 
2159312 
2126546 
2175699 
2142931 
2175702 
2175707 
2159323 
2126555 
2175709 
2142941 
2175712 
2126560 
2175713 
2175714 
2159330 
2175715 
2159336 
2142953 
2175722 
2126571 
2175725 
2126575 
2142962 
2126579 
2175732 
2159348 
2175735 
2142967 
2126586 
2175739 
2175744 
2126592 
2175751 
2126599 
2159372 
2142990 
2175760 
2126611 
2175764 
2142997 
2126616 
2159386 
2175771 
2143006 
2175775 
2159392 
2126625 
2143011 
2175782 
2175783 
2175784 
2159400 
2159402 
2175789 
2159405 
2143021 
2143024 
2126640 
2159413 
2175801 
2159417 
2126651 
2175804 
2159422 
2143038 
2126655 
2175809 
2159425 
2143045 
2175815 
2126664 
2175827 
2159443 
2143060 
2126676 
2126681 
2175834 
2175837 
2143069 
2159454 
2126686 
2175840 
2143074 
2175847 
2143080 
2175850 
2126698 
2159470 
2126702 
2175856 
2126706 
2143092 
2159479 
2143095 
2175864 
2143100 
2126717 
2159487 
2175872 
2126722 
2143114 
2175883 
2159499 
2126731 
2175888 
2175889 
2143125 
2126742 
2175895 
2159511 
2126745 
2159516 
2143132 
2126750 
2175904 
2126753 
2159527 
2126761 
2175915 
2126764 
2159533 
2175918 
2143153 
2126769 
2159538 
2175925 
2159542 
2126776 
2143162 
2175933 
2175937 
2126786 
2159555 
2143171 
2159558 
2175944 
2175947 
2159563 
2175950 
2159569 
2175957 
2143190 
2126806 
2175962 
2175965 
2143199 
2175970 
2126819 
2175972 
2143207 
2175976 
2143210 
2126826 
2175981 
2159598 
2175984 
2126833 
2175989 
2175990 
2175991 
2143223 
2126840 
2159609 
2143230 
2159615 
2126849 
2176002 
2159618 
2176007 
2159625 
2143241 
2126863 
2176018 
2159634 
2143252 
2176026 
2126874 
2159643 
2176029 
2143267 
2159654 
2126889 
2176044 
2159662 
2143279 
2143282 
2159667 
2126900 
2159670 
2176055 
2143287 
2126904 
2143293 
2176064 
2126912 
2159682 
2126917 
2176070 
2159695 
2143311 
2159698 
2176085 
2143320 
2159705 
2126937 
2176090 
2176095 
2143329 
2176101 
2159717 
2143335 
2126954 
2176107 
2176111 
2176113 
2126961 
2143346 
2176118 
2143350 
2159736 
2176122 
2143357 
2159745 
2143361 
2176135 
2176141 
2143380 
2176149 
2126998 
2159768 
2176153 
2127002 
2143387 
2176157 
2159773 
2159776 
2127011 
2176165 
2143397 
2159784 
2176173 
2127023 
2176180 
2127028 
2176182 
2159798 
2176185 
2143419 
2127037 
2159806 
2159812 
2176197 
2127051 
2143436 
2159825 
2159828 
2127060 
2143449 
2176220 
2127071 
2159841 
2176226 
2143458 
2176229 
2127080 
2176234 
2143467 
2176236 
2127085 
2176239 
2143472 
2176241 
2176244 
2159861 
2143480 
2127097 
2159868 
2176253 
2176254 
2127104 
2159873 
2143490 
2143495 
2176265 
2159882 
2159886 
2176273 
2127124 
2159893 
2176278 
2159898 
2176283 
2176286 
2176291 
2127139 
2159908 
2143524 
2176293 
2176296 
2159912 
2127144 
2143531 
2176300 
2176302 
2159919 
2127152 
2159922 
2143540 
2176309 
2159927 
2176314 
2159932 
2159935 
2127167 
2176320 
2176324 
2159940 
2176327 
2159943 
2127178 
2159949 
2176336 
2143571 
2159956 
2176341 
2127190 
2159959 
2176345 
2143579 
2176348 
2143582 
2127198 
2159967 
2176355 
2143587 
2159972 
2127208 
2176361 
2159977 
2143593 
2143597 
2176369 
2127217 
2176372 
2143604 
2159990 
2176375 
2127224 
2143609 
2176378 
2127231 
2176384 
2143618 
2143621 
2127240 
2176395 
2176398 
2160014 
2127247 
2127250 
2176403 
2127255 
2160025 
2176410 
2127260 
2176422 
2127270 
2160039 
2127273 
2176427 
2127276 
2143661 
2143666 
2176436 
2160052 
2127284 
2160059 
2143675 
2127293 
2160062 
2176447 
2176452 
2176456 
2160072 
2127306 
2176463 
2160082 
2176470 
2160086 
2143704 
2176473 
2143708 
2176478 
2160096 
2176483 
2160099 
2143715 
2176486 
2176489 
2176491 
2176492 
2160109 
2127342 
2176495 
2176498 
2127347 
2176501 
2176508 
2176511 
2143747 
2127363 
2176516 
2160136 
2127370 
2176524 
2160142 
2176529 
2127377 
2176532 
2160153 
2176540 
2127388 
2176543 
2160159 
2176544 
2127395 
2160165 
2127398 
2176553 
2127403 
2176556 
2143789 
2160178 
2143794 
2127411 
2160180 
2127415 
2143800 
2176573 
2176576 
2160193 
2176579 
2143811 
2176584 
2176587 
2176588 
2127436 
2143821 
2160207 
2176597 
2127445 
2160217 
2176606 
2160225 
2143841 
2176610 
2127461 
2160230 
2143846 
2176617 
2143851 
2160238 
2176623 
2160243 
2143862 
2127478 
2160250 
2176635 
2143867 
2176638 
2143870 
2160255 
2127487 
2176648 
2176651 
2127499 
2160268 
2143885 
2176656 
2176657 
2176658 
2160275 
2176661 
2127509 
2176662 
2160280 
2143900 
2176669 
2176672 
2160289 
2127521 
2176675 
2143909 
2176679 
2176680 
2160296 
2176685 
2160303 
2176688 
2160306 
2176691 
2160309 
2143925 
2176696 
2176699 
2176702 
2143934 
2127554 
2176712 
2160329 
2143945 
2127563 
2176717 
2176720 
2143952 
2160339 
2176728 
2160344 
2127576 
2143961 
2176735 
2143968 
2127584 
2176738 
2160354 
2143973 
2176743 
2143977 
2176746 
2160365 
2127599 
2176752 
2143985 
2160374 
2160379 
2176764 
2127616 
2160390 
2176776 
2144012 
2127632 
2144019 
2160409 
2144027 
2160412 
2127649 
2144034 
2176803 
2176804 
2160422 
2176809 
2127658 
2160429 
2144045 
2127663 
2176816 
2127667 
2176823 
2160440 
2144058 
2127674 
2127677 
2176830 
2176833 
2127682 
2144067 
2160452 
2176841 
2144074 
2127693 
2176846 
2160465 
2127697 
2160466 
2176851 
2144086 
2127704 
2176857 
2176864 
2127715 
2176869 
2160487 
2144106 
2176875 
2127725 
2176878 
2160496 
2144113 
2176882 
2144115 
2160502 
2144118 
2176887 
2127736 
2127743 
2144128 
2176897 
2176904 
2176917 
2144149 
2176928 
2176934 
2144167 
2176939 
2144174 
2176943 
2176944 
2176945 
2127794 
2160563 
2176948 
2144180 
2176950 
2176953 
2176954 
2127802 
2176956 
2160572 
2176961 
2160579 
2127811 
2144196 
2176968 
2176974 
2144206 
2160592 
2176977 
2144209 
2127830 
2176984 
2176985 
2160601 
2144222 
2176991 
2127841 
2176995 
2160612 
2176998 
2127849 
2177003 
2160619 
2177008 
2144246 
2127863 
2160632 
2177027 
2160643 
2177029 
2127877 
2177032 
2144264 
2177034 
2160654 
2177041 
2127889 
2144274 
2177044 
2160661 
2177048 
2177051 
2127900 
2177056 
2160672 
2127909 
2177064 
2144299 
2177069 
2127920 
2160690 
2160697 
2177087 
2144319 
2127937 
2160706 
2177091 
2160709 
2144326 
2177095 
2127944 
2160714 
2160717 
2177102 
2177105 
2127954 
2177107 
2160724 
2177110 
2160728 
2177114 
2144349 
2177121 
2160737 
2127969 
2177129 
2160746 
2127978 
2177132 
2177134 
2177137 
2144369 
2127991 
2177148 
2160765 
2177150 
2144384 
2177153 
2128002 
2144389 
2177158 
2160774 
2177161 
2177164 
2128012 
2160782 
2144398 
2177169 
2160787 
2128021 
2177175 
2144407 
2177178 
2160804 
2144420 
2177189 
2160811 
2144428 
2128044 
2160816 
2177202 
2128050 
2160820 
2177205 
2177208 
2144441 
2128057 
2177211 
2144445 
2177214 
2177220 
2144452 
2160838 
2144455 
2128072 
2177225 
2160846 
2128080 
2177234 
2144466 
2177240 
2160856 
2144473 
2128089 
2177243 
2160860 
2144480 
2177250 
2160868 
2177255 
2177260 
2128109 
2160880 
2177265 
2177268 
2177269 
2144501 
2128117 
2177270 
2160886 
2177271 
2160888 
2177275 
2177278 
2128129 
2177283 
2177285 
2160901 
2177288 
2144520 
2177290 
2177293 
2144525 
2160910 
2177296 
2177297 
2160916 
2177303 
2160920 
2144537 
2128153 
2177307 
2177310 
2160927 
2144546 
2177320 
2177323 
2177324 
2128174 
2177327 
2177328 
2160944 
2128178 
2144563 
2160952 
2177337 
2160956 
2177342 
2128191 
2144577 
2160963 
2128197 
2177350 
2144582 
2160967 
2177356 
2177359 
2177364 
2160982 
2128217 
2160988 
2177374 
2160991 
2128225 
2144610 
2177379 
2177384 
2161000 
2128235 
2161004 
2144622 
2177391 
2177392 
2177397 
2177400 
2128248 
2161017 
2144633 
2161020 
2177407 
2177410 
2161029 
2177415 
2144648 
2177418 
2161035 
2128269 
2177426 
2161044 
2144660 
2177431 
2161048 
2177434 
2144667 
2128286 
2177439 
2161055 
2177448 
2144681 
2128297 
2161068 
2161071 
2128304 
2161076 
2128309 
2144695 
2177467 
2161083 
2161084 
2128321 
2144707 
2177477 
2161096 
2177481 
2128334 
2144723 
2177492 
2161108 
2128343 
2177496 
2177497 
2161113 
2177498 
2177500 
2144734 
2128351 
2177506 
2128358 
2144744 
2128363 
2177517 
2161133 
2161137 
2128371 
2177524 
2161144 
2144762 
2177533 
2161149 
2177536 
2161152 
2144771 
2128387 
2177541 
2161158 
2177545 
2144778 
2161166 
2177552 
2161169 
2128401 
2161172 
2144792 
2177562 
2177567 
2144800 
2128416 
2177570 
2161188 
2144804 
2128421 
2177575 
2177578 
2144811 
2128430 
2161199 
2144816 
2177585 
2144818 
2128434 
2161203 
2177588 
2144821 
2161207 
2177592 
2128441 
2177594 
2177597 
2161214 
2177599 
2144831 
2177601 
2177604 
2161222 
2128454 
2144842 
2177614 
2161234 
2177619 
2128467 
2177622 
2161238 
2177627 
2161243 
2177631 
2144864 
2161249 
2177636 
2144868 
2177639 
2144873 
2128489 
2177642 
2177645 
2128494 
2177650 
2144882 
2161268 
2177653 
2177659 
2128510 
2161281 
2144897 
2177668 
2161286 
2177671 
2128520 
2177674 
2144906 
2161291 
2128525 
2177678 
2161296 
2177681 
2128529 
2177682 
2177686 
2128536 
2177692 
2161308 
2128540 
2177695 
2144927 
2177699 
2161315 
2144934 
2128550 
2177704 
2128553 
2177706 
2161322 
2177708 
2144940 
2161326 
2128558 
2177711 
2177713 
2177715 
2161331 
2177719 
2161338 
2128571 
2177724 
2177732 
2161349 
2128582 
2177737 
2144970 
2161356 
2177744 
2161361 
2144980 
2177749 
2144981 
2144984 
2128601 
2177756 
2144989 
2161376 
2177761 
2177762 
2177764 
2161381 
2144997 
2177767 
2177769 
2161386 
2177771 
2145004 
2177774 
2177777 
2161395 
2128627 
2177782 
2177786 
2145018 
2161405 
2128640 
2145026 
2161413 
2145033 
2128649 
2161418 
2177803 
2161422 
2177808 
2128656 
2145041 
2161427 
2177812 
2145046 
2128663 
2161434 
2128668 
2161437 
2177822 
2177825 
2145057 
2161442 
2128675 
2161446 
2145063 
2177832 
2161450 
2128685 
2177838 
2177841 
2128690 
2145075 
2177846 
2161462 
2145079 
2177849 
2128698 
2161469 
2145086 
2177857 
2161473 
2145090 
2128708 
2128713 
2161483 
2145099 
2177869 
2145103 
2177875 
2145107 
2128723 
2177876 
2161493 
2177880 
2161496 
2145114 
2128730 
2145118 
2177887 
2161505 
2177890 
2177895 
2145129 
2177900 
2177903 
2161519 
2128751 
2128756 
2145142 
2177914 
2161534 
2145152 
2177923 
2128771 
2145158 
2177929 
2177930 
2161551 
2177936 
2128784 
2145169 
2177941 
2145174 
2177943 
2177944 
2161560 
2161563 
2177948 
2128800 
2177955 
2177957 
2177960 
2128809 
2161578 
2177963 
2128813 
2177966 
2161582 
2177969 
2145201 
2177975 
2145207 
2128823 
2177977 
2161593 
2177980 
2145212 
2161597 
2128834 
2145221 
2177990 
2161608 
2177993 
2145225 
2128841 
2161611 
2177998 
2177999 
2178000 
2145232 
2128848 
2178001 
2178002 
2178003 
2161619 
2145236 
2128855 
2161624 
2178009 
2145243 
2178014 
2145246 
2178016 
2178019 
2145251 
2178020 
2161636 
2145258 
2178027 
2145260 
2178029 
2161645 
2128877 
2145263 
2161649 
2145266 
2128885 
2178038 
2178043 
2178047 
2161663 
2145281 
2178050 
2178053 
2128905 
2178058 
2145290 
2178062 
2178066 
2161684 
2128916 
2128920 
2178073 
2161689 
2145305 
2178076 
2161692 
2145308 
2178079 
2178081 
2161697 
2145313 
2178084 
2161702 
2178087 
2128935 
2128939 
2178092 
2161708 
2178095 
2161711 
2145330 
2178100 
2161716 
2178101 
2178102 
2128952 
2161721 
2145341 
2161726 
2128959 
2161731 
2178119 
2128967 
2178121 
2145355 
2161740 
2128974 
2161743 
2178128 
2145362 
2128981 
2178135 
2161753 
2178142 
2178143 
2145376 
2178148 
2161767 
2129001 
2145391 
2129009 
2178162 
2161778 
2178165 
2145399 
2161785 
2145404 
2178175 
2129023 
2161793 
2129026 
2178179 
2178182 
2145415 
2161800 
2178185 
2178190 
2178192 
2161808 
2129040 
2178194 
2178197 
2178199 
2178201 
2129049 
2178205 
2161822 
2145441 
2129057 
2178211 
2145446 
2161831 
2178217 
2129068 
2145453 
2178222 
2129072 
2161841 
2178228 
2161846 
2145462 
2161853 
2129085 
2178238 
2145471 
2161858 
2178246 
2145478 
2178247 
2129095 
2145483 
2178252 
2129104 
2178257 
2161874 
2145492 
2129109 
2178262 
2129114 
2178267 
2145499 
2129117 
2178274 
2145506 
2129122 
2178277 
2145515 
2161903 
2145520 
2145525 
2161911 
2129143 
2145530 
2129147 
2178301 
2145533 
2161918 
2129151 
2145538 
2178312 
2145544 
2178313 
2178314 
2178317 
2129166 
2161935 
2178322 
2161940 
2129173 
2178330 
2129180 
2178333 
2145565 
2178335 
2161953 
2178338 
2145573 
2161962 
2178347 
2161965 
2178351 
2145583 
2161968 
2129200 
2145587 
2178357 
2161973 
2178359 
2129207 
2161978 
2178363 
2145595 
2178364 
2178365 
2178368 
2145603 
2129220 
2161990 
2178375 
2145607 
2161995 
2178380 
2129229 
2145614 
2178385 
2162006 
2178394 
2162012 
2145628 
2178397 
2129246 
2162017 
2178402 
2129251 
2145636 
2162022 
2129256 
2162026 
2178411 
2145643 
2178415 
2162033 
2178422 
2145655 
2178425 
2162041 
2145661 
2162046 
2178431 
2178432 
2145666 
2178437 
2162053 
2129285 
2145671 
2162056 
2178443 
2145676 
2129296 
2178453 
2145685 
2145688 
2178458 
2145692 
2178461 
2129309 
2162078 
2178466 
2129316 
2178471 
2145703 
2178474 
2145707 
2129325 
2178479 
2145712 
2129328 
2162097 
2178482 
2178483 
2178484 
2145716 
2178486 
2162102 
2145720 
2129336 
2178489 
2178490 
2178493 
2162109 
2178495 
2145727 
2178498 
2145730 
2178501 
2145733 
2178506 
2162122 
2178507 
2162124 
2129357 
2178512 
2145745 
2145748 
2178518 
2162134 
2178519 
2145751 
2178522 
2162139 
2178525 
2178526 
2129376 
2178529 
2178532 
2162150 
2129383 
2178536 
2145770 
2178541 
2178543 
2145775 
2162160 
2129394 
2178548 
2145780 
2178556 
2162173 
2145789 
2162175 
2129407 
2178562 
2145795 
2178565 
2162182 
2178567 
2145799 
2129416 
2178570 
2162187 
2178572 
2162190 
2129425 
2178578 
2162194 
2178579 
2145812 
2178584 
2129433 
2178587 
2162205 
2178592 
2145827 
2129443 
2162213 
2178599 
2145833 
2178602 
2162218 
2178606 
2145840 
2129457 
2162227 
2178614 
2162231 
2145849 
2129467 
2178621 
2162238 
2129471 
2178628 
2162245 
2145861 
2178633 
2145867 
2162252 
2129485 
2145872 
2162257 
2129492 
2162261 
2178647 
2145882 
2129498 
2162268 
2129502 
2178656 
2145889 
2178661 
2162277 
2178662 
2145894 
2129516 
2162286 
2178671 
2145904 
2145908 
2129526 
2178679 
2162295 
2162298 
2145915 
2178686 
2145918 
2162303 
2129535 
2145921 
2129540 
2162309 
2178694 
2145926 
2178695 
2178698 
2178699 
2178702 
2145935 
2129551 
2145938 
2178707 
2162327 
2145943 
2178713 
2145946 
2178715 
2129564 
2178718 
2162334 
2178720 
2145954 
2178723 
2178724 
2162340 
2178725 
2162345 
2145962 
2178731 
2129582 
2178738 
2178740 
2162357 
2129589 
2145974 
2178744 
2178745 
2162361 
2178746 
2178752 
2178756 
2162372 
2178759 
2145991 
2162379 
2178765 
2162382 
2129614 
2146001 
2178771 
2162387 
2146004 
2146007 
2129625 
2178779 
2162395 
2146013 
2162400 
2146016 
2178789 
2178790 
2178791 
2129641 
2178794 
2178795 
2162411 
2146027 
2129648 
2146035 
2178805 
2146038 
2162423 
2178811 
2162427 
2146043 
2178812 
2178814 
2129662 
2178817 
2162434 
2178820 
2162437 
2146053 
2178823 
2129672 
2146057 
2178827 
2178828 
2129676 
2178829 
2162447 
2178832 
2146064 
2129680 
2178833 
2146067 
2146070 
2178839 
2162455 
2129687 
2178843 
2162459 
2146079 
2178848 
2129697 
2178851 
2162468 
2178854 
2178855 
2162472 
2129705 
2178858 
2146090 
2178859 
2178860 
2178861 
2146093 
2129709 
2178862 
2178863 
2162479 
2178864 
2146098 
2162484 
2129716 
2178869 
2146103 
2129719 
2178874 
2129724 
2162493 
2129727 
2146112 
2178881 
2178884 
2178889 
2162505 
2129737 
2178890 
2146122 
2162508 
2178895 
2178896 
2178898 
2146130 
2178901 
2146134 
2162519 
2162522 
2178909 
2146141 
2129757 
2162527 
2178912 
2146145 
2162530 
2178917 
2146150 
2129767 
2178920 
2162537 
2146153 
2178923 
2162539 
2162542 
2129774 
2146160 
2162545 
2178930 
2129778 
2178931 
2146166 
2129785 
2162559 
2146176 
2129793 
2178949 
2146185 
2178956 
2146189 
2129805 
2178959 
2162575 
2178962 
2162578 
2146196 
2129812 
2178967 
2162583 
2129817 
2178970 
2146202 
2178975 
2146207 
2162594 
2146214 
2129830 
2178984 
2146217 
2146220 
2129839 
2146225 
2178995 
2146228 
2162613 
2178999 
2162616 
2146233 
2129851 
2179004 
2146238 
2162625 
2129859 
2179014 
2162631 
2146250 
2179019 
2129871 
2162642 
2129878 
2179031 
2162647 
2146263 
2162652 
2179038 
2146270 
2179039 
2162656 
2179041 
2129891 
2179044 
2162663 
2162664 
2179049 
2179052 
2162668 
2146286 
2179057 
2162675 
2179060 
2179061 
2146294 
2179066 
2162682 
2179069 
2179071 
)

// ************************************************************************* //
